2 5.59007e+06 0 1
3 5.8012e+06 0 1
4 5.91286e+06 0 1
5 5.98194e+06 0 1
6 6.0289e+06 0 1
7 6.0183e+06 1.56776e-06 1
8 6.07734e+06 1.13365e-06 1
9 6.08107e+06 3.19805e-06 1
10 6.08856e+06 5.80768e-06 1
11 6.07884e+06 1.05682e-05 1
12 6.10077e+06 8.69668e-06 1
13 6.08888e+06 1.42689e-05 1
14 6.109e+06 3.08554e-05 1
15 6.11188e+06 1.32321e-05 1
16 6.11633e+06 1.91583e-05 1
17 6.11963e+06 2.25522e-05 1
18 6.12656e+06 2.09479e-05 1
19 6.12528e+06 2.40686e-05 1
20 6.12644e+06 2.79447e-05 1
21 6.12929e+06 3.39094e-05 1
22 6.12935e+06 6.8593e-05 1
23 6.14841e+06 2.46036e-05 1
24 6.13554e+06 3.88449e-05 1
25 6.13541e+06 4.94486e-05 1
26 6.13672e+06 5.33286e-05 0.999999
27 6.13714e+06 4.71632e-05 1
28 6.13902e+06 6.40748e-05 0.999999
29 6.14471e+06 4.56605e-05 1
30 6.14018e+06 7.47727e-05 0.999998
31 6.14599e+06 0.000119138 0.999998
32 6.14974e+06 5.13851e-05 0.999998
33 6.14637e+06 9.43498e-05 0.999999
34 6.14781e+06 7.33872e-05 0.999999
35 6.14839e+06 0.000116842 0.999998
36 6.1484e+06 9.6937e-05 0.999998
37 6.15442e+06 0.000107857 0.999999
38 6.15025e+06 9.25785e-05 0.999999
39 6.15354e+06 0.000114366 0.999999
40 6.15547e+06 9.58644e-05 0.999998
41 6.15205e+06 0.000117878 0.999994
42 6.15266e+06 0.00014795 0.999997
43 6.14951e+06 0.000126958 0.999997
44 6.15508e+06 0.000159861 0.999998
45 6.15273e+06 0.000249025 0.99999
46 6.15608e+06 0.000130112 0.999997
47 6.15526e+06 0.000138387 0.999996
48 6.15426e+06 0.000156361 0.999992
49 6.15356e+06 0.000209949 0.999994
50 6.15611e+06 0.000207047 0.999993
