2 5.59007e+06 0 1
3 5.8012e+06 0 1
4 5.91286e+06 0 1
5 5.98194e+06 0 1
6 6.0289e+06 0 1
7 6.02811e+06 5.38744e-06 1
8 6.08012e+06 3.26624e-06 1
9 6.0911e+06 4.79465e-06 1
10 6.09992e+06 3.90352e-06 1
11 6.10322e+06 0.000102513 0.999999
12 6.12358e+06 1.26676e-05 1
13 6.12819e+06 9.07785e-05 1
14 6.1349e+06 1.38896e-05 1
15 6.13954e+06 4.47539e-05 1
16 6.14515e+06 3.55357e-05 0.999998
17 6.13939e+06 0.000126804 0.999999
18 6.14542e+06 4.07869e-05 1
19 6.14972e+06 0.000329093 0.999996
20 6.14714e+06 0.000154434 1
21 6.14443e+06 3.91095e-05 1
22 6.1565e+06 0.000459381 0.999987
23 6.15816e+06 0.000588595 0.99997
24 6.14792e+06 0.000183762 0.999986
25 6.15855e+06 0.000699993 0.999972
26 6.16053e+06 0.000492431 0.999984
27 6.15352e+06 0.000110767 0.999999
28 6.16705e+06 0.000504808 0.999987
29 6.16415e+06 0.000480725 0.99999
30 6.16696e+06 0.000219117 0.999996
31 6.15654e+06 0.000376185 0.999996
32 6.16138e+06 0.000306098 0.999998
33 6.15972e+06 0.000704226 0.999988
34 6.15595e+06 0.000223451 0.999994
35 6.15757e+06 0.000155188 0.999998
36 6.16098e+06 0.000787924 0.99999
37 6.16542e+06 0.000308198 0.999994
38 6.16433e+06 0.000717778 0.999971
39 6.16031e+06 0.000569687 0.999969
40 6.15969e+06 0.000648862 0.999984
41 6.16157e+06 0.000513071 0.999976
42 6.16192e+06 0.000682822 0.999981
43 6.16148e+06 0.000861023 0.999985
44 6.15898e+06 0.0008413 0.999979
45 6.16502e+06 0.000552118 0.999995
46 6.16455e+06 0.000370438 0.999992
47 6.16031e+06 0.000865344 0.999952
48 6.16098e+06 0.000861895 0.99997
49 6.15794e+06 0.000884453 0.999948
50 6.15886e+06 0.00108704 0.999977
