#1-1-1 100 iterations of 10s each
2 5.57565e+06 18981.7 1 1.1e+07 0.00131033 4.38934e-05
3 5.78965e+06 15555.6 1 1.1e+07 0.00178038 4.51717e-05
4 5.89248e+06 16808.5 1 1.1e+07 0.00223357 5.1826e-05
5 5.95852e+06 16039 0.999999 1.1e+07 0.00263024 5.38348e-05
6 6.00528e+06 17655.1 0.999997 1.1e+07 0.00297881 6.09562e-05
7 6.03328e+06 16372.5 0.999996 1.1e+07 0.00331536 5.39339e-05
8 6.05177e+06 16767.4 0.999989 1.1e+07 0.00362642 5.24153e-05
9 6.06716e+06 19366.4 0.999963 1.1e+07 0.00390165 5.64957e-05
10 6.07781e+06 19054.1 0.999955 1.1e+07 0.00416015 5.31633e-05
11 6.08536e+06 20740 0.999923 1.1e+07 0.00439598 5.30297e-05
12 6.08435e+06 22433.8 0.999819 1.1e+07 0.00462856 4.87777e-05
13 6.09034e+06 19983.2 0.999803 1.1e+07 0.0048272 3.87237e-05
14 6.09234e+06 21682.7 0.999646 1.1e+07 0.00501255 3.33117e-05
15 6.0962e+06 15348.2 0.99981 1.1e+07 0.00518941 2.68483e-05
16 6.09593e+06 20928.7 0.999656 1.1e+07 0.00534916 2.78932e-05
17 6.09677e+06 21119.6 0.999551 1.1e+07 0.00549782 2.58765e-05
18 6.09413e+06 15826.6 0.999559 1.1e+07 0.00564519 1.95283e-05
19 6.09759e+06 21574.5 0.999378 1.1e+07 0.00577023 2.24638e-05
20 6.09301e+06 20681.6 0.99922 1.1e+07 0.00589678 1.97264e-05
21 6.09249e+06 24085.3 0.999103 1.1e+07 0.00600882 2.23855e-05
22 6.09055e+06 23509.3 0.998657 1.1e+07 0.00611495 2.50084e-05
23 6.08423e+06 27201.9 0.998565 1.1e+07 0.00622436 2.11814e-05
24 6.08685e+06 23904.2 0.998558 1.1e+07 0.00631531 2.18987e-05
25 6.08118e+06 25546.7 0.998674 1.1e+07 0.00641253 1.64003e-05
26 6.07841e+06 27043.5 0.998003 1.1e+07 0.00649438 2.23694e-05
27 6.06693e+06 32040.1 0.997252 1.1e+07 0.00657584 2.31106e-05
28 6.07001e+06 30698.1 0.997713 1.1e+07 0.00665499 2.19565e-05
29 6.06396e+06 36250.9 0.997265 1.1e+07 0.00672774 1.99829e-05
30 6.06202e+06 30304.8 0.996749 1.1e+07 0.00679699 2.33058e-05
31 6.0585e+06 31647.4 0.996438 1.1e+07 0.00685571 2.83067e-05
32 6.04487e+06 33360.8 0.995399 1.1e+07 0.0069214 2.77784e-05
33 6.05085e+06 32755.4 0.995671 1.1e+07 0.00698014 3.08268e-05
34 6.04136e+06 36666.7 0.995256 1.1e+07 0.00703839 2.37781e-05
35 6.03424e+06 42710 0.994684 1.1e+07 0.00709029 3.44583e-05
36 6.03232e+06 38113.9 0.994491 1.1e+07 0.00714106 3.95554e-05
37 6.0211e+06 45050.4 0.993257 1.1e+07 0.0071853 4.19468e-05
38 6.02885e+06 39099 0.994352 1.1e+07 0.00723502 4.23287e-05
39 6.00275e+06 45279.5 0.992066 1.1e+07 0.00727662 3.83509e-05
40 6.01405e+06 44953.9 0.992916 1.1e+07 0.00732446 2.943e-05
41 5.99692e+06 56374.9 0.991724 1.1e+07 0.00735892 4.16772e-05
42 5.98662e+06 41751.4 0.99041 1.1e+07 0.00739447 4.29614e-05
43 5.99324e+06 47004.3 0.9909 1.1e+07 0.00743166 4.80455e-05
44 5.98234e+06 45754.5 0.990857 1.1e+07 0.00747109 3.78015e-05
45 5.96839e+06 46192.2 0.988121 1.1e+07 0.00749195 5.43745e-05
46 5.96405e+06 47010 0.988637 1.1e+07 0.00753133 4.16561e-05
47 5.96297e+06 55062.9 0.986887 1.1e+07 0.00755205 5.77921e-05
48 5.9554e+06 59086.8 0.987516 1.1e+07 0.0075856 5.43479e-05
49 5.94341e+06 49832.9 0.98574 1.1e+07 0.0076068 5.00575e-05
50 5.93479e+06 50204.6 0.984635 1.1e+07 0.00762322 6.35746e-05
