2 5.36862e+06 343047 0.997982 1.1e+07 0.00133069 8.33549e-05
3 5.70833e+06 158364 0.960345 1.1e+07 0.00182262 0.000113101
4 5.79867e+06 131854 0.928856 1.1e+07 0.00231782 0.000139778
5 5.87398e+06 108957 0.900026 1.1e+07 0.00277676 0.000219876
6 5.92044e+06 128553 0.896411 1.1e+07 0.00314614 0.000241504
7 5.94342e+06 104193 0.861002 1.1e+07 0.00354493 0.000234052
8 5.95523e+06 102209 0.834372 1.1e+07 0.00389088 0.000231864
9 5.98408e+06 85382.7 0.818551 1.1e+07 0.00418537 0.000246138
10 5.98587e+06 93585.7 0.795954 1.1e+07 0.00446624 0.000245888
11 6.00161e+06 82041 0.785544 1.1e+07 0.00469864 0.000217728
12 5.98854e+06 85438 0.745366 1.1e+07 0.00497117 0.000197301
13 5.95089e+06 100075 0.71844 1.1e+07 0.00521943 0.000202827
14 5.96363e+06 84736.5 0.710794 1.1e+07 0.00539662 0.000189669
15 5.97561e+06 67022.9 0.710557 1.1e+07 0.0055375 0.000151509
16 5.95298e+06 90106.3 0.681719 1.1e+07 0.00573407 0.000155635
17 5.96238e+06 83653.5 0.697536 1.1e+07 0.00582962 0.000140046
18 5.9494e+06 75080 0.679094 1.1e+07 0.00598807 0.000144876
19 5.94428e+06 89524.3 0.711464 1.1e+07 0.00605987 0.000148275
20 5.96139e+06 63950.7 0.695128 1.1e+07 0.00617935 0.000122683
21 5.951e+06 72974.9 0.69622 1.1e+07 0.00628252 0.000107139
22 5.95421e+06 67559.6 0.691299 1.1e+07 0.0063822 0.000107623
23 5.94869e+06 81556.7 0.681914 1.1e+07 0.00648272 0.000114295
24 5.9426e+06 64317.4 0.698992 1.1e+07 0.00655512 9.36933e-05
25 5.94385e+06 64024.6 0.686756 1.1e+07 0.00664974 8.59612e-05
26 5.9214e+06 79206.4 0.678473 1.1e+07 0.00674341 9.98869e-05
27 5.94098e+06 61495 0.693374 1.1e+07 0.00679483 8.8253e-05
28 5.93493e+06 65999.6 0.686801 1.1e+07 0.00687132 8.51939e-05
29 5.92982e+06 62638.4 0.670799 1.1e+07 0.00695824 8.88205e-05
30 5.93902e+06 56002.7 0.680942 1.1e+07 0.00700707 6.04567e-05
31 5.93183e+06 62640.3 0.679384 1.1e+07 0.00707088 7.03452e-05
32 5.9299e+06 58968.9 0.674756 1.1e+07 0.00713071 7.02467e-05
33 5.91283e+06 63072.7 0.671058 1.1e+07 0.00719178 5.56402e-05
34 5.9264e+06 54012.7 0.686804 1.1e+07 0.00723242 6.09408e-05
35 5.9294e+06 56568.8 0.681724 1.1e+07 0.00728405 5.65417e-05
36 5.92496e+06 54992.5 0.682171 1.1e+07 0.00733546 5.47283e-05
37 5.92181e+06 51278.7 0.676212 1.1e+07 0.00738671 5.58409e-05
38 5.91897e+06 53339.8 0.676026 1.1e+07 0.00743412 4.66087e-05
39 5.92005e+06 45329.8 0.683579 1.1e+07 0.00747224 4.66455e-05
40 5.9195e+06 51941.1 0.675854 1.1e+07 0.00752076 4.6871e-05
41 5.91523e+06 51897.5 0.681473 1.1e+07 0.00755585 4.87401e-05
42 5.91543e+06 50836.4 0.680329 1.1e+07 0.00759759 4.11476e-05
43 5.91065e+06 49440.4 0.674052 1.1e+07 0.00764033 4.51638e-05
44 5.90844e+06 50530.7 0.67837 1.1e+07 0.00767403 4.05838e-05
45 5.91245e+06 44651 0.690661 1.1e+07 0.00769986 3.63153e-05
46 5.91414e+06 49994.4 0.679829 1.1e+07 0.00774025 3.51906e-05
47 5.90784e+06 49727.4 0.691398 1.1e+07 0.00777147 3.26886e-05
48 5.91199e+06 41309 0.685314 1.1e+07 0.00780425 3.08613e-05
49 5.90701e+06 47437.9 0.683221 1.1e+07 0.00783745 3.47717e-05
50 5.90751e+06 46592.2 0.682857 1.1e+07 0.00786866 3.06288e-05
