2 5.58928e+06 686.968 1 1.1e+07 0.00127816 1.54687e-07
3 5.80046e+06 733.444 1 1.1e+07 0.00174784 1.92788e-07
4 5.9115e+06 1719.34 0.999992 1.1e+07 0.00216928 2.17635e-06
5 5.98024e+06 1658.44 0.999995 1.1e+07 0.00255016 5.69498e-07
6 6.02636e+06 2719.74 0.999972 1.1e+07 0.00289531 3.0114e-06
7 6.0595e+06 2651.25 0.999969 1.1e+07 0.00321049 1.10161e-06
8 6.08339e+06 4630.99 0.999871 1.1e+07 0.00349685 8.6155e-06
9 6.10122e+06 7528.34 0.999717 1.1e+07 0.00376147 1.32068e-05
10 6.11365e+06 10510.5 0.999414 1.1e+07 0.0040023 1.63062e-05
11 6.11708e+06 19515.2 0.998567 1.1e+07 0.00422104 3.24999e-05
12 6.10381e+06 43604.4 0.996849 1.1e+07 0.00442032 5.08022e-05
13 6.0405e+06 85215.3 0.990887 1.1e+07 0.00455255 9.46107e-05
14 5.94115e+06 114004 0.98276 1.1e+07 0.00464041 0.000134218
15 5.81188e+06 86083.7 0.973763 1.1e+07 0.00472846 0.000132705
16 5.7236e+06 49620 0.968204 1.1e+07 0.00481548 0.00012333
17 5.66354e+06 39879.6 0.965802 1.1e+07 0.00490101 0.000117583
18 5.60575e+06 36625 0.96482 1.1e+07 0.0049945 0.000123826
19 5.5461e+06 33373.3 0.961144 1.1e+07 0.00511512 0.000125825
20 5.49701e+06 29404.8 0.959772 1.1e+07 0.00518712 0.000128029
21 5.44907e+06 34067.2 0.954791 1.1e+07 0.00527307 0.000129341
22 5.40494e+06 32263.8 0.954452 1.1e+07 0.0053653 0.000138169
23 5.35959e+06 35783 0.953743 1.1e+07 0.0054374 0.000143529
24 5.3212e+06 27503.9 0.952457 1.1e+07 0.00547325 0.000129894
25 5.27428e+06 28939.8 0.950384 1.1e+07 0.00557387 0.000136144
26 5.22105e+06 32014.2 0.949919 1.1e+07 0.00561483 0.000130271
27 5.18609e+06 32726.5 0.946913 1.1e+07 0.00567158 0.000167224
28 5.15363e+06 32029.4 0.947068 1.1e+07 0.00569236 0.000158955
29 5.11725e+06 33224 0.946648 1.1e+07 0.00577091 0.000128623
30 5.08023e+06 28670.9 0.946792 1.1e+07 0.00576026 0.000153175
31 5.04102e+06 28943.1 0.945055 1.1e+07 0.00581466 0.000137007
32 5.00365e+06 28610.9 0.944196 1.1e+07 0.00587169 0.000136342
33 4.97349e+06 28302 0.941952 1.1e+07 0.00586107 0.000172513
34 4.94381e+06 30718.5 0.941854 1.1e+07 0.00589212 0.000145233
35 4.9141e+06 26514 0.940108 1.1e+07 0.00592422 0.000143618
36 4.87941e+06 29075.2 0.937514 1.1e+07 0.00594403 0.000137684
37 4.85371e+06 30085.7 0.937563 1.1e+07 0.0059663 0.00015519
38 4.82017e+06 28820.7 0.937163 1.1e+07 0.00598241 0.000144504
39 4.78565e+06 29697.2 0.935623 1.1e+07 0.00599753 0.000158916
40 4.76143e+06 32958.2 0.933944 1.1e+07 0.00601195 0.000159424
41 4.72913e+06 33195.7 0.933931 1.1e+07 0.00599885 0.000153986
42 4.70651e+06 32459 0.935741 1.1e+07 0.00601588 0.000163528
43 4.67171e+06 29671.2 0.932828 1.1e+07 0.00604778 0.000163702
44 4.6481e+06 26320.1 0.932041 1.1e+07 0.00604172 0.000147189
45 4.6256e+06 32021.2 0.931035 1.1e+07 0.00603489 0.000156996
46 4.59855e+06 28147.5 0.927997 1.1e+07 0.00607679 0.000152543
47 4.57347e+06 29737.2 0.929191 1.1e+07 0.00605192 0.000153696
48 4.55416e+06 27734.3 0.927605 1.1e+07 0.00607564 0.000139786
49 4.52197e+06 29072.1 0.928801 1.1e+07 0.00607477 0.000144804
50 4.49985e+06 30397.8 0.92547 1.1e+07 0.00605625 0.000146249
