2 5.34324e+06 16373 0.999922 1.1e+07 0.00132926 3.5452e-06
3 5.3825e+06 18987.8 0.999699 1.1e+07 0.00185848 5.37609e-06
4 5.35066e+06 17096 0.999331 1.1e+07 0.00234385 6.22023e-06
5 5.29269e+06 17697.4 0.998691 1.1e+07 0.00278842 7.85454e-06
6 5.23404e+06 19239 0.997953 1.1e+07 0.00318935 1.36625e-05
7 5.17136e+06 18677.6 0.996987 1.1e+07 0.00355524 2.10707e-05
8 5.11419e+06 18996.2 0.995451 1.1e+07 0.0038866 2.4107e-05
9 5.06106e+06 17920.1 0.994475 1.1e+07 0.00418544 2.89848e-05
10 5.00942e+06 22169.7 0.992197 1.1e+07 0.00446106 3.24628e-05
11 4.9566e+06 17169.5 0.991942 1.1e+07 0.0047003 4.32488e-05
12 4.91726e+06 16765.5 0.989448 1.1e+07 0.00491829 4.62125e-05
13 4.86969e+06 18680.9 0.989507 1.1e+07 0.00511751 5.62365e-05
14 4.83055e+06 21313.9 0.986823 1.1e+07 0.00530336 5.48527e-05
15 4.79224e+06 17573.7 0.985316 1.1e+07 0.00545641 6.69224e-05
16 4.75648e+06 21404 0.985596 1.1e+07 0.00560838 6.56045e-05
17 4.72151e+06 20375.4 0.98412 1.1e+07 0.00574548 6.84742e-05
18 4.68459e+06 21419.8 0.98277 1.1e+07 0.00587245 8.10286e-05
19 4.65364e+06 20598.3 0.980627 1.1e+07 0.00597392 8.66149e-05
20 4.62496e+06 19173.1 0.979018 1.1e+07 0.00607738 8.13497e-05
21 4.5936e+06 21585.7 0.977844 1.1e+07 0.00615495 8.21193e-05
22 4.56411e+06 21252.7 0.976539 1.1e+07 0.00624769 9.70317e-05
23 4.53581e+06 19488.2 0.97687 1.1e+07 0.00632696 9.1161e-05
24 4.50884e+06 21815.2 0.97376 1.1e+07 0.00638054 9.50553e-05
25 4.48318e+06 19221.6 0.972955 1.1e+07 0.00644291 0.000105763
26 4.45902e+06 19040.7 0.972544 1.1e+07 0.00648383 9.51324e-05
27 4.42895e+06 21107.4 0.97056 1.1e+07 0.00656196 9.904e-05
28 4.4089e+06 19592.6 0.969118 1.1e+07 0.00656667 9.77641e-05
29 4.38236e+06 20250 0.969289 1.1e+07 0.00661081 0.00012458
30 4.35978e+06 20136.9 0.967663 1.1e+07 0.00664495 9.66177e-05
31 4.34124e+06 21484 0.964744 1.1e+07 0.00668055 0.000109127
32 4.31726e+06 18588 0.967139 1.1e+07 0.00671786 0.000121609
33 4.29895e+06 21032.3 0.96432 1.1e+07 0.00674524 0.000108791
34 4.27525e+06 17360.4 0.962388 1.1e+07 0.00675495 0.000132334
35 4.25371e+06 21770.1 0.961592 1.1e+07 0.00679119 0.000108626
36 4.23313e+06 17877.7 0.960032 1.1e+07 0.00680219 0.00010897
37 4.21754e+06 23858.1 0.960925 1.1e+07 0.00679742 0.000116962
38 4.19692e+06 21784.4 0.959402 1.1e+07 0.00683659 0.000119429
39 4.17613e+06 18939.5 0.958677 1.1e+07 0.00683066 0.000114958
40 4.16158e+06 20120 0.957701 1.1e+07 0.0068326 0.000129454
41 4.14157e+06 22164.3 0.958503 1.1e+07 0.00684807 0.000114781
42 4.12081e+06 19081.9 0.954646 1.1e+07 0.00685806 0.000122419
43 4.11025e+06 18093.7 0.954247 1.1e+07 0.00685718 0.000135572
44 4.09171e+06 20224.5 0.952401 1.1e+07 0.00684264 0.000129204
45 4.07485e+06 22550.8 0.953658 1.1e+07 0.00685295 0.000137452
46 4.05312e+06 23262.4 0.95134 1.1e+07 0.00686282 0.000117683
47 4.04435e+06 19663.7 0.950062 1.1e+07 0.0068422 0.000142729
48 4.01898e+06 20688.5 0.950313 1.1e+07 0.00686136 0.000141161
49 4.00969e+06 20207.2 0.948322 1.1e+07 0.00684627 0.000116403
50 3.99139e+06 19488 0.948804 1.1e+07 0.00681357 0.000126845
