16 5.56065e+06 0.0811133 0.99952 1.1e+07 31.092 0
16 5.55724e+06 0.0812551 0.999678 1.1e+07 31.111 1
16 5.55644e+06 0.0816119 0.999623 1.1e+07 31.117 2
16 5.56211e+06 0.0811798 0.999834 1.1e+07 31.0765 3
16 5.55622e+06 0.0816832 0.999788 1.1e+07 31.1151 4
16 5.56343e+06 0.0810503 0.99979 1.1e+07 31.0707 5
16 5.5548e+06 0.0815959 0.999565 1.1e+07 31.1266 6
16 5.5528e+06 0.0815204 0.999569 1.1e+07 31.1393 7
16 5.55337e+06 0.0815273 0.999741 1.1e+07 31.1227 8
16 5.55792e+06 0.0813661 0.999669 1.1e+07 31.0954 9
16 5.55509e+06 0.0812777 0.999706 1.1e+07 31.1144 10
