16 7.15579e+06 6.05639e-05 1 1.1e+07 41.1406 0
16 7.04982e+06 0.000736098 0.999936 1.1e+07 90.6761 1
16 7.05465e+06 0.000372674 0.999981 1.1e+07 99.6415 2
16 7.05389e+06 0.000379304 0.999975 1.1e+07 103.321 3
16 7.06001e+06 0.000268295 0.999982 1.1e+07 103.674 4
16 7.05218e+06 0.00029401 0.999971 1.1e+07 108.135 5
16 7.02598e+06 0.000550687 0.99998 1.1e+07 105.81 6
16 7.05606e+06 0.000298405 0.999985 1.1e+07 106.518 7
16 7.03772e+06 0.000378291 0.999987 1.1e+07 107.121 8
16 7.04968e+06 0.000283725 0.999979 1.1e+07 107.033 9
16 7.01358e+06 0.000540765 0.999965 1.1e+07 107.339 10
