2 5.59007e+06 0 1
3 5.8012e+06 0 1
4 5.91286e+06 0 1
5 5.98194e+06 0 1
6 6.0289e+06 0 1
7 6.06273e+06 9.45652e-06 1
8 6.08863e+06 1.34543e-06 1
9 6.10877e+06 4.5257e-06 1
10 6.12501e+06 5.01524e-06 1
11 6.13696e+06 0.000130006 0.999996
12 6.14944e+06 1.59835e-05 1
13 6.1583e+06 8.8539e-05 1
14 6.16673e+06 6.27294e-05 1
15 6.1728e+06 0.000196115 0.999998
16 5.72975e+06 0.0365504 0.999662
17 5.66627e+06 0.0423832 0.999451
18 5.6147e+06 0.0469505 0.999192
19 5.56596e+06 0.0514735 0.999107
20 5.51314e+06 0.0562893 0.998798
21 5.46295e+06 0.0611804 0.998815
22 5.41431e+06 0.0654618 0.998714
23 5.37544e+06 0.0698497 0.998535
24 5.32895e+06 0.0741995 0.999282
25 5.29041e+06 0.0781442 0.998875
26 5.25565e+06 0.0816278 0.998769
27 5.21196e+06 0.0862459 0.99853
28 5.1672e+06 0.0906449 0.999086
29 5.14114e+06 0.0940139 0.998855
30 5.09807e+06 0.0976649 0.998813
31 5.06292e+06 0.101602 0.998593
32 5.03105e+06 0.105033 0.998316
33 4.99189e+06 0.108973 0.998642
34 4.96297e+06 0.112326 0.999164
35 4.92996e+06 0.115991 0.998652
36 4.89144e+06 0.119739 0.998811
37 4.86455e+06 0.123206 0.998845
38 4.83835e+06 0.126291 0.998928
39 4.81204e+06 0.128975 0.998541
40 4.78225e+06 0.132126 0.998344
41 4.75203e+06 0.135948 0.998608
42 4.72736e+06 0.139095 0.999278
43 4.70081e+06 0.142659 0.998991
44 4.67676e+06 0.145279 0.99878
45 4.64504e+06 0.148505 0.998484
46 4.62434e+06 0.151146 0.998137
47 4.59861e+06 0.154339 0.998754
48 4.57711e+06 0.157272 0.998521
49 4.54921e+06 0.160594 0.998585
50 4.53172e+06 0.163048 0.998057
