2 5.59007e+06 0 1
3 5.8012e+06 0 1
4 5.91286e+06 0 1
5 5.98194e+06 0 1
6 6.0289e+06 0 1
7 5.8187e+06 2.7497e-06 0.737887
8 6.06288e+06 1.18225e-06 0.942308
9 6.03833e+06 3.1796e-06 0.857329
10 6.05526e+06 3.42437e-06 0.857647
11 5.89003e+06 6.5194e-06 0.670648
12 6.03828e+06 6.35922e-06 0.826711
13 5.98179e+06 8.55928e-06 0.741429
14 5.95506e+06 9.4142e-06 0.80473
15 6.00872e+06 1.13114e-05 0.717001
16 5.96312e+06 1.20739e-05 0.790019
17 5.97079e+06 1.48561e-05 0.60655
18 6.03109e+06 1.64691e-05 0.694188
19 6.08559e+06 1.45753e-05 0.754108
20 5.92033e+06 1.77032e-05 0.726563
21 5.91513e+06 1.95437e-05 0.679168
22 5.96878e+06 2.13273e-05 0.777271
23 5.9649e+06 2.18715e-05 0.709596
24 6.04354e+06 2.82221e-05 0.726902
25 5.95268e+06 2.57252e-05 0.741027
26 6.02471e+06 2.81079e-05 0.736667
27 5.98991e+06 3.08549e-05 0.670934
28 5.94184e+06 3.09334e-05 0.708944
29 6.02588e+06 3.4306e-05 0.690812
30 6.01939e+06 3.54048e-05 0.656788
31 5.94155e+06 3.61956e-05 0.522589
32 6.00388e+06 3.80231e-05 0.690626
33 5.96456e+06 4.13194e-05 0.750226
34 5.99616e+06 4.14892e-05 0.777083
35 5.82621e+06 3.36161e-05 0.694551
36 5.91724e+06 4.00735e-05 0.692397
37 5.95016e+06 4.64741e-05 0.65027
38 5.93901e+06 5.01872e-05 0.585259
39 5.96247e+06 4.83081e-05 0.723004
40 6.01907e+06 5.70489e-05 0.746034
41 5.9663e+06 5.38175e-05 0.616731
42 6.01635e+06 5.93783e-05 0.640505
43 5.94122e+06 5.12765e-05 0.747278
44 5.99107e+06 5.58569e-05 0.663425
45 5.97001e+06 5.94452e-05 0.691636
46 5.99584e+06 5.95311e-05 0.748995
47 5.96613e+06 6.77042e-05 0.659286
48 5.94987e+06 5.8084e-05 0.757873
49 5.97362e+06 6.43559e-05 0.691813
50 5.97717e+06 7.19222e-05 0.638721
