2 5.59007e+06 0 1
3 5.8012e+06 0 1
4 5.91286e+06 0 1
5 5.98194e+06 0 1
6 6.0289e+06 0 1
7 5.95097e+06 3.09723e-06 0.798023
8 6.06994e+06 2.44609e-06 0.930305
9 6.06993e+06 3.66912e-06 0.889936
10 6.06643e+06 4.81058e-06 0.843884
11 6.07323e+06 8.70403e-06 0.766219
12 6.09921e+06 8.562e-06 0.845014
13 6.09389e+06 2.07932e-05 0.69607
14 6.11089e+06 1.37609e-05 0.804721
15 6.12159e+06 1.96327e-05 0.778895
16 6.12437e+06 2.33331e-05 0.74533
17 6.12885e+06 2.40473e-05 0.739572
18 6.12323e+06 4.47232e-05 0.677373
19 6.11185e+06 2.61661e-05 0.668775
20 6.12514e+06 3.85678e-05 0.624539
21 6.14637e+06 3.12355e-05 0.756372
22 6.14225e+06 6.63632e-05 0.639813
23 6.13079e+06 4.53225e-05 0.620213
24 6.13493e+06 8.45614e-05 0.615601
25 6.13248e+06 8.66619e-05 0.544386
26 6.1288e+06 7.40776e-05 0.577663
27 6.13623e+06 7.25832e-05 0.604308
28 6.12334e+06 8.14152e-05 0.524858
29 6.13481e+06 9.7156e-05 0.56392
30 6.1012e+06 5.21072e-05 0.587734
31 6.12697e+06 8.17131e-05 0.536114
32 6.1367e+06 0.000105832 0.520198
33 6.08778e+06 7.13083e-05 0.585775
34 6.13455e+06 0.00012594 0.563521
35 6.12939e+06 0.000102241 0.533705
36 6.1555e+06 0.000171748 0.555129
37 6.11911e+06 0.000121559 0.487588
38 6.13817e+06 0.00015542 0.50068
39 6.10516e+06 0.000125007 0.492317
40 6.12192e+06 0.000128801 0.576413
41 6.11195e+06 0.000119307 0.581611
42 6.12184e+06 0.000137058 0.529672
43 6.13497e+06 0.000166459 0.590496
44 6.14413e+06 0.000174302 0.513569
45 6.12891e+06 0.000152491 0.56684
46 6.12665e+06 0.000115761 0.610521
47 6.12071e+06 0.000155908 0.507093
48 6.15237e+06 0.000268219 0.509416
49 6.11016e+06 0.000133465 0.584874
50 6.13183e+06 0.000200416 0.529634
