2 5.59007e+06 0 1 1.1e+07 2.90172
3 5.80119e+06 0 1 1.1e+07 4.17858
4 5.91285e+06 0 1 1.1e+07 5.44537
5 5.94717e+06 8.98171e-07 1 1.1e+07 9.97088
6 6.01413e+06 8.93168e-07 1 1.1e+07 9.77687
7 6.05008e+06 9.88602e-07 1 1.1e+07 11.0016
8 6.04923e+06 2.9834e-06 1 1.1e+07 18.4136
9 6.06727e+06 4.52467e-06 1 1.1e+07 23.0978
10 6.08177e+06 5.12672e-06 1 1.1e+07 23.4384
11 6.07774e+06 1.66565e-05 1 1.1e+07 45.3168
12 6.08759e+06 1.32983e-05 1 1.1e+07 52.3058
13 6.14125e+06 6.60324e-06 1 1.1e+07 23.0482
14 6.10413e+06 1.27059e-05 1 1.1e+07 50.6582
15 6.11812e+06 1.82566e-05 0.999999 1.1e+07 49.4959
16 6.12465e+06 1.68648e-05 1 1.1e+07 47.0966
17 6.12076e+06 1.83054e-05 1 1.1e+07 56.0377
18 6.12716e+06 1.99367e-05 1 1.1e+07 55.9215
19 6.12546e+06 4.70114e-05 1 1.1e+07 73.9314
20 6.13576e+06 3.37364e-05 1 1.1e+07 63.2602
21 6.12847e+06 3.03646e-05 1 1.1e+07 80.8761
22 6.13092e+06 7.10846e-05 0.999999 1.1e+07 75.6338
23 6.13759e+06 3.19023e-05 1 1.1e+07 76.2904
24 6.14388e+06 4.63464e-05 1 1.1e+07 76.1562
25 6.13862e+06 5.38055e-05 0.999998 1.1e+07 86.1294
26 6.15301e+06 4.50346e-05 1 1.1e+07 68.4206
27 6.13567e+06 4.94577e-05 0.999999 1.1e+07 104.744
28 6.13829e+06 0.000135198 0.999995 1.1e+07 94.391
29 6.14188e+06 9.49493e-05 0.999999 1.1e+07 103.749
30 6.14741e+06 7.31736e-05 0.999999 1.1e+07 95.7393
31 6.14739e+06 9.81831e-05 0.999999 1.1e+07 95.3379
32 6.1492e+06 9.75922e-05 0.999999 1.1e+07 98.4502
33 6.15168e+06 9.46628e-05 0.999999 1.1e+07 98.0924
34 6.14854e+06 0.000101751 0.999999 1.1e+07 107.01
35 6.15086e+06 7.35456e-05 1 1.1e+07 108.785
36 6.14869e+06 0.000103466 0.999995 1.1e+07 108.989
37 6.15104e+06 9.92757e-05 0.999999 1.1e+07 108.995
38 6.15528e+06 9.55744e-05 1 1.1e+07 108.538
39 6.15469e+06 9.07965e-05 0.999999 1.1e+07 112.153
40 6.15033e+06 0.000177734 0.999996 1.1e+07 105.676
41 6.15066e+06 0.000214437 0.999996 1.1e+07 109.762
42 6.15099e+06 0.000105239 0.999998 1.1e+07 114.12
43 6.14901e+06 0.000183512 0.999994 1.1e+07 106.226
44 6.15377e+06 0.000160076 0.999998 1.1e+07 110.192
45 6.15409e+06 0.000158355 0.999998 1.1e+07 108.254
46 6.15375e+06 0.000143401 0.999998 1.1e+07 110.388
47 6.15589e+06 0.000230074 0.999995 1.1e+07 110.832
48 6.15483e+06 0.000223185 0.999993 1.1e+07 108.138
49 6.1501e+06 0.000318036 0.999988 1.1e+07 95.4866
50 6.15539e+06 0.000178825 0.999995 1.1e+07 109.439
