2 5.59007e+06 0 1 1.1e+07 2.90172
3 5.80119e+06 0 1 1.1e+07 4.17858
4 5.91285e+06 0 1 1.1e+07 5.44537
5 5.95581e+06 1.02233e-06 1 1.1e+07 9.30513
6 6.0215e+06 9.54222e-07 1 1.1e+07 8.90359
7 6.05071e+06 1.26567e-05 1 1.1e+07 21.0494
8 6.05334e+06 6.86583e-06 1 1.1e+07 21.0381
9 6.09361e+06 4.92175e-06 1 1.1e+07 17.1783
10 6.08737e+06 9.36426e-06 1 1.1e+07 26.9115
11 6.13422e+06 1.69403e-06 1 1.1e+07 14.9325
12 6.10247e+06 2.44784e-05 1 1.1e+07 46.72
13 6.14481e+06 5.24409e-06 1 1.1e+07 19.6959
14 6.12533e+06 4.03515e-05 0.999999 1.1e+07 44.2233
15 6.14637e+06 3.81619e-05 1 1.1e+07 38.2375
16 6.13665e+06 3.98691e-05 1 1.1e+07 54.3154
17 6.14643e+06 7.97797e-05 1 1.1e+07 40.8966
18 6.14382e+06 0.00053846 0.999981 1.1e+07 45.4318
19 6.16393e+06 0.000217396 0.999976 1.1e+07 43.0989
20 6.15623e+06 0.000360068 0.999994 1.1e+07 56.3642
21 6.16293e+06 0.000505557 0.999991 1.1e+07 46.9201
22 6.15782e+06 0.000320872 0.999993 1.1e+07 58.9118
23 6.14843e+06 0.000140864 0.999997 1.1e+07 68.7909
24 6.16478e+06 0.000665743 0.999928 1.1e+07 54.8423
25 6.16089e+06 7.62284e-05 1 1.1e+07 66.271
26 6.16016e+06 0.000177786 0.999997 1.1e+07 68.2156
27 6.16012e+06 0.000406491 0.999989 1.1e+07 67.7774
28 6.15897e+06 0.000474773 0.999993 1.1e+07 71.9058
29 6.16011e+06 0.000429302 0.999983 1.1e+07 73.9305
30 6.16137e+06 0.000556332 0.999988 1.1e+07 78.8339
31 6.15654e+06 0.000159844 0.999999 1.1e+07 85.7185
32 6.16313e+06 0.000532839 0.999978 1.1e+07 74.4521
33 6.16209e+06 0.000226991 0.999995 1.1e+07 82.6168
34 6.15757e+06 0.000255648 0.999994 1.1e+07 86.0806
35 6.15986e+06 0.000215032 0.999998 1.1e+07 89.5829
36 6.15914e+06 0.00122011 0.999966 1.1e+07 77.8132
37 6.16104e+06 0.000900423 0.999973 1.1e+07 83.883
38 6.15928e+06 0.000353297 0.999991 1.1e+07 95.2296
39 6.16298e+06 0.000956769 0.999955 1.1e+07 80.6551
40 6.16326e+06 0.00074597 0.999976 1.1e+07 81.6897
41 6.16389e+06 0.000582234 0.999964 1.1e+07 87.3844
42 6.16312e+06 0.000612071 0.999994 1.1e+07 90.9856
43 6.16381e+06 0.00047544 0.99999 1.1e+07 91.9344
44 6.16514e+06 0.000453022 0.999994 1.1e+07 93.7129
45 6.16539e+06 0.000522995 0.999982 1.1e+07 88.6592
46 6.16049e+06 0.000421285 0.999991 1.1e+07 101.738
47 6.164e+06 0.000533159 0.999945 1.1e+07 99.1327
48 6.16378e+06 0.000428458 0.999993 1.1e+07 95.0366
49 6.16272e+06 0.000884744 0.999983 1.1e+07 97.8532
50 6.16137e+06 0.0011341 0.999954 1.1e+07 95.7319
