2 5.24323e+06 4.74767e-05 0.815057 1e+06 19.5141
3 5.6651e+06 6.63005e-06 0.956505 1e+06 41.0943
4 5.83431e+06 2.11418e-06 0.999971 1e+06 61.9703
5 5.92327e+06 3.11276e-06 1 1e+06 17.9804
6 5.97009e+06 3.82057e-06 1 1e+06 22.7305
7 6.00719e+06 2.27258e-06 1 1e+06 21.5091
8 6.03526e+06 2.94552e-06 1 1e+06 20.3848
9 6.04778e+06 7.14722e-06 1 1e+06 34.0369
10 6.06821e+06 4.23e-06 1 1e+06 26.5413
11 6.0828e+06 7.52811e-06 1 1e+06 35.1833
12 6.07502e+06 1.01937e-05 1 1e+06 62.3625
13 6.09443e+06 1.05412e-05 1 1e+06 42.9692
14 6.11684e+06 1.27745e-05 1 1e+06 36.0235
15 6.09918e+06 1.39607e-05 1 1e+06 66.4488
16 6.12685e+06 1.31457e-05 1 1e+06 41.3045
17 6.12072e+06 1.96656e-05 1 1e+06 53.5084
18 6.11873e+06 2.51646e-05 1 1e+06 68.2804
19 6.11751e+06 3.04134e-05 1 1e+06 83.8007
20 6.13082e+06 3.13924e-05 1 1e+06 70.57
21 6.12903e+06 2.29167e-05 1 1e+06 77.1172
22 6.12592e+06 2.75525e-05 0.999999 1e+06 94.0266
23 6.13595e+06 4.61859e-05 1 1e+06 81.8879
24 6.13264e+06 4.08675e-05 1 1e+06 92.221
25 6.14432e+06 5.41488e-05 0.999999 1e+06 78.9669
26 6.13451e+06 8.72944e-05 0.999994 1e+06 99.3324
27 6.13928e+06 5.56084e-05 0.999998 1e+06 92.7817
28 6.14186e+06 4.57945e-05 0.999999 1e+06 98.2206
29 6.14828e+06 8.06475e-05 0.999999 1e+06 90.715
30 6.15309e+06 7.49802e-05 1 1e+06 87.4407
31 6.14812e+06 7.73702e-05 0.999999 1e+06 94.4935
32 6.14582e+06 0.000109493 0.999998 1e+06 100.205
33 6.14751e+06 0.000126442 0.999999 1e+06 102.59
34 6.1501e+06 8.02738e-05 1 1e+06 109.518
35 6.1476e+06 7.63381e-05 0.999999 1e+06 110.459
36 6.15072e+06 0.000144033 0.999997 1e+06 101.106
37 6.1527e+06 0.000110684 0.999999 1e+06 103.884
38 6.14946e+06 0.000149691 0.999997 1e+06 101.876
39 6.1482e+06 0.000129049 0.999997 1e+06 109.907
40 6.1436e+06 0.000184045 0.999992 1e+06 106.018
41 6.15285e+06 0.000141074 0.999998 1e+06 107.509
42 6.14987e+06 0.000148185 0.999994 1e+06 109.02
43 6.15118e+06 0.000149805 0.999998 1e+06 106.884
44 6.15497e+06 0.000217174 0.999997 1e+06 104.856
45 6.15109e+06 0.000239174 0.999991 1e+06 102.149
46 6.15217e+06 0.00020978 0.999995 1e+06 100.381
47 6.14886e+06 0.000253878 0.999989 1e+06 101.941
48 6.15217e+06 0.000235715 0.999996 1e+06 103.8
49 6.15133e+06 0.000225341 0.999992 1e+06 98.1158
50 6.15711e+06 0.000187178 0.999996 1e+06 106.318
