2 5.48265e+06 2.62585e-05 0.999063 1e+06 17.0745
3 5.64551e+06 0.000128757 0.960364 1e+06 23.4279
4 5.82462e+06 2.57511e-05 0.99655 1e+06 45.2751
5 5.91872e+06 8.33946e-06 1 1e+06 19.3014
6 5.96812e+06 6.2859e-06 1 1e+06 21.1062
7 6.00611e+06 1.14299e-05 1 1e+06 26.169
8 6.02311e+06 1.24226e-05 1 1e+06 33.843
9 6.05508e+06 1.54313e-05 1 1e+06 32.6671
10 6.08391e+06 9.64501e-06 1 1e+06 21.6333
11 6.08928e+06 2.10172e-05 1 1e+06 38.2853
12 6.10349e+06 1.4644e-05 1 1e+06 27.8945
13 6.11124e+06 2.02068e-05 1 1e+06 35.739
14 6.12666e+06 2.19955e-05 0.945367 1e+06 37.0415
15 6.13109e+06 2.01339e-05 1 1e+06 39.8648
16 6.13373e+06 2.30646e-05 1 1e+06 44.1375
17 6.13434e+06 5.87685e-05 1 1e+06 50.6921
18 6.14957e+06 0.000111864 0.999999 1e+06 47.1855
19 6.14173e+06 9.67475e-05 1 1e+06 56.4706
20 6.14699e+06 4.27725e-05 1 1e+06 55.5327
21 6.13945e+06 7.39704e-05 0.999999 1e+06 68.5208
22 6.14771e+06 0.000101403 1 1e+06 57.1806
23 6.15432e+06 0.000118255 0.999995 1e+06 58.4174
24 6.14534e+06 7.34239e-05 0.999998 1e+06 73.6004
25 6.15398e+06 6.08739e-05 0.965684 1e+06 73.1442
26 6.15215e+06 0.000133363 0.999998 1e+06 74.1441
27 6.15633e+06 0.000411583 0.999994 1e+06 70.968
28 6.15714e+06 0.000123374 0.999995 1e+06 72.323
29 6.15683e+06 0.000688416 0.999981 1e+06 68.0542
30 6.1578e+06 0.000524026 0.999991 1e+06 73.2877
31 6.15773e+06 0.000288373 0.999995 1e+06 80.8854
32 6.15804e+06 0.000170656 0.999997 1e+06 87.3759
33 6.16295e+06 0.000248445 0.999998 1e+06 83.4151
34 6.1494e+06 0.00216383 0.999885 1e+06 70.171
35 6.16344e+06 0.000611172 0.999984 1e+06 81.736
36 6.16536e+06 0.000172599 1 1e+06 87.1383
37 6.16271e+06 0.000280843 0.999998 1e+06 95.8281
38 6.15569e+06 0.00151702 0.999912 1e+06 79.2337
39 6.1673e+06 0.000186166 0.999998 1e+06 87.4063
40 6.16348e+06 0.000381248 0.999937 1e+06 90.6434
41 6.16375e+06 0.000683242 0.999969 1e+06 83.5011
42 6.1636e+06 0.000442425 0.999984 1e+06 92.8216
43 6.16322e+06 0.000571953 0.999987 1e+06 89.7518
44 6.16618e+06 0.000451371 0.999994 1e+06 94.6154
45 6.16304e+06 0.000286174 0.999993 1e+06 98.7968
46 6.16017e+06 0.000929617 0.999977 1e+06 92.3008
47 6.16542e+06 0.000804471 0.999908 1e+06 89.2926
48 6.16348e+06 0.000860224 0.999975 1e+06 88.7556
49 6.16244e+06 0.000376503 0.999991 1e+06 98.1335
50 6.16479e+06 0.000517191 0.999979 1e+06 96.1521
