2 779233 3.59527e-06 0.999999 200000 0.00255345
3 1.17519e+06 1.4715e-05 0.999952 200000 0.0027282
4 1.53747e+06 3.90892e-05 0.999896 200000 0.00288894
5 1.91669e+06 8.82761e-05 0.999951 200000 0.00316783
6 2.28917e+06 0.000161707 0.999899 200000 0.00350298
7 2.66372e+06 0.000268773 0.999909 200000 0.00395322
8 3.73946e+06 0.000525106 0.974414 200000 0.853971
9 5.91918e+06 9.00247e-05 0.953316 200000 73.4625
10 6.01362e+06 4.48095e-05 0.961822 200000 91.1278
11 6.02255e+06 5.56572e-05 0.970498 200000 86.6178
12 6.03539e+06 8.93075e-05 0.976579 200000 92.2178
13 6.05968e+06 5.31627e-05 0.980741 200000 103.107
14 6.07733e+06 5.21101e-05 0.999996 200000 94.7145
15 6.082e+06 4.88013e-05 0.99987 200000 107.817
16 6.08785e+06 4.71438e-05 0.999989 200000 110.593
17 6.09704e+06 3.28673e-05 0.999999 200000 104.572
18 6.09904e+06 4.15819e-05 0.999984 200000 107.572
19 6.10692e+06 4.07671e-05 0.999998 200000 102.976
20 6.11067e+06 3.3827e-05 0.999999 200000 109.345
21 6.11801e+06 4.2481e-05 0.999999 200000 94.7068
22 6.12624e+06 3.10486e-05 1 200000 84.5847
23 6.12319e+06 3.9255e-05 1 200000 102.84
24 6.12494e+06 5.03655e-05 0.999999 200000 103.087
25 6.12928e+06 5.60127e-05 0.999999 200000 99.0477
26 6.13132e+06 7.43777e-05 0.999998 200000 101.054
27 6.12965e+06 7.15693e-05 0.999998 200000 105.66
28 6.13966e+06 7.32921e-05 1 200000 94.2175
29 6.14057e+06 8.53156e-05 1 200000 94.3928
30 6.13927e+06 7.7162e-05 0.999999 200000 98.8945
31 6.14655e+06 8.78305e-05 0.999999 200000 91.7958
32 6.14581e+06 9.28575e-05 0.999999 200000 96.7228
33 6.1442e+06 7.37037e-05 0.999999 200000 102.66
34 6.14686e+06 0.000126789 0.999998 200000 97.7417
35 6.14715e+06 0.000118592 0.999998 200000 100.988
36 6.14857e+06 8.18562e-05 1 200000 107.573
37 6.14771e+06 0.000145501 0.999997 200000 101.533
38 6.14841e+06 0.000164645 0.999992 200000 107.377
39 6.1487e+06 0.000145504 0.999997 200000 105.105
40 6.15251e+06 0.00012726 0.999999 200000 102.717
41 6.14894e+06 0.000157144 0.999998 200000 103.437
42 6.14828e+06 0.00016771 0.999997 200000 99.2292
43 6.15292e+06 0.000187265 0.999998 200000 106.822
44 6.15354e+06 0.000228236 0.999997 200000 102.368
45 6.15544e+06 0.000181428 0.999998 200000 101.4
46 6.15789e+06 0.000180348 0.999999 200000 107.485
47 6.15365e+06 0.000235734 0.999991 200000 95.5577
48 6.15332e+06 0.000190799 0.999998 200000 102.161
49 6.15642e+06 0.000233759 0.999995 200000 98.9821
50 6.15663e+06 0.000228409 0.999996 200000 100.026
