2 777768 7.37835e-06 0.999996 200000 0.00257162
3 1.16248e+06 2.76171e-05 0.999878 200000 0.00275471
4 1.53826e+06 8.18387e-05 0.999914 200000 0.00304836
5 1.91203e+06 0.000174298 0.999896 200000 0.00341508
6 2.26868e+06 0.000329559 0.999975 200000 0.00386829
7 2.64413e+06 0.000572829 0.999912 200000 0.00458092
8 3.04757e+06 0.0010209 0.999658 200000 0.00614873
9 5.04452e+06 0.00151639 0.958787 200000 12.5163
10 5.97436e+06 0.000410943 0.995164 200000 62.9591
11 6.03163e+06 0.000133102 0.971102 200000 61.9105
12 6.03696e+06 0.000368901 0.955423 200000 76.2287
13 6.05807e+06 0.000155149 0.982234 200000 78.2187
14 6.05993e+06 0.000297871 0.98613 200000 71.3123
15 6.06257e+06 0.000417161 0.989225 200000 80.8822
16 6.08378e+06 0.00025724 0.994523 200000 87.2187
17 6.1003e+06 0.00011114 0.999997 200000 80.8279
18 6.10461e+06 0.00016128 0.999998 200000 80.4911
19 6.11016e+06 0.000120007 0.999996 200000 82.7135
20 6.11882e+06 0.000120557 1 200000 75.3963
21 6.11965e+06 0.000141032 0.999999 200000 83.1072
22 6.09328e+06 0.000434675 0.999239 200000 99.3979
23 6.10946e+06 0.000227401 0.99932 200000 100.329
24 6.09015e+06 0.000829536 0.999837 200000 83.1593
25 6.1235e+06 0.000228161 0.999997 200000 94.0021
26 6.13473e+06 0.000184599 0.999999 200000 86.3182
27 6.14372e+06 0.0001684 0.999999 200000 78.7553
28 6.14776e+06 0.000183511 0.999999 200000 76.2889
29 6.14084e+06 0.000172305 0.999997 200000 92.3635
30 6.14073e+06 0.000223722 0.999997 200000 87.5327
31 6.15469e+06 0.000220581 0.999994 200000 77.5056
32 6.14966e+06 0.000260119 0.999996 200000 89.0034
33 6.14839e+06 0.00020067 0.999998 200000 95.114
34 6.14969e+06 0.000158968 0.999998 200000 92.7709
35 6.15371e+06 0.00026368 0.999996 200000 90.2623
36 6.15138e+06 0.000199117 0.999996 200000 95.1413
37 6.15342e+06 0.000254535 0.999994 200000 92.4198
38 6.15416e+06 0.000303201 0.999995 200000 90.5064
39 6.15639e+06 0.000317517 0.999989 200000 88.08
40 6.15908e+06 0.000316363 0.999995 200000 89.8368
41 6.15556e+06 0.000278958 0.999998 200000 96.0157
42 6.16271e+06 0.000599366 0.999982 200000 80.8552
43 6.15549e+06 0.00050803 0.999995 200000 91.9901
44 6.16226e+06 0.000355346 0.999996 200000 94.8463
45 6.16195e+06 0.000283541 0.999997 200000 93.4076
46 6.1639e+06 0.000481282 0.999978 200000 91.4579
47 6.16088e+06 0.000410547 0.999993 200000 97.3719
48 6.16015e+06 0.000321666 0.99999 200000 93.2345
49 6.16229e+06 0.000738252 0.571292 200000 98.7808
50 6.16018e+06 0.000424074 0.999991 200000 99.0529
