2 5.55216e+06 1.48139e-07 1 5.5e+06 4.66207
3 5.77392e+06 3.26724e-07 1 5.5e+06 5.99288
4 5.85994e+06 5.34205e-07 1 5.5e+06 11.8993
5 5.95582e+06 6.32227e-07 1 5.5e+06 9.29495
6 6.01413e+06 8.6765e-07 1 5.5e+06 9.76693
7 6.04051e+06 1.57709e-06 1 5.5e+06 13.687
8 6.08864e+06 0 1 5.5e+06 10.4041
9 6.07104e+06 2.89932e-06 1 5.5e+06 18.5814
10 6.09766e+06 3.34062e-06 1 5.5e+06 17.5774
11 6.07043e+06 9.63862e-06 1 5.5e+06 47.3883
12 6.10928e+06 1.20566e-05 1 5.5e+06 32.5242
13 6.10501e+06 9.77987e-06 1 5.5e+06 37.4328
14 6.10997e+06 8.65121e-06 1 5.5e+06 39.5963
15 6.11794e+06 1.44428e-05 1 5.5e+06 45.8018
16 6.10657e+06 2.6184e-05 1 5.5e+06 69.6513
17 6.1208e+06 1.58593e-05 1 5.5e+06 53.9981
18 6.12802e+06 1.81829e-05 1 5.5e+06 58.1661
19 6.12198e+06 1.84056e-05 1 5.5e+06 73.373
20 6.13607e+06 2.97331e-05 1 5.5e+06 67.9029
21 6.13578e+06 2.16268e-05 1 5.5e+06 66.1746
22 6.14103e+06 3.73955e-05 1 5.5e+06 69.7257
23 6.13673e+06 4.92443e-05 1 5.5e+06 84.6124
24 6.14391e+06 4.55174e-05 1 5.5e+06 79.802
25 6.13371e+06 7.66442e-05 0.999998 5.5e+06 91.9455
26 6.1347e+06 6.00104e-05 1 5.5e+06 99.1328
27 6.13765e+06 6.47381e-05 0.999999 5.5e+06 101.071
28 6.13971e+06 7.76045e-05 0.999999 5.5e+06 100.733
29 6.14002e+06 6.69797e-05 0.999997 5.5e+06 105.234
30 6.14051e+06 0.000102114 0.999999 5.5e+06 104.037
31 6.14321e+06 7.87743e-05 0.999998 5.5e+06 106.054
32 6.14853e+06 7.3527e-05 0.999999 5.5e+06 102.453
33 6.15125e+06 7.24075e-05 1 5.5e+06 102.025
34 6.14746e+06 6.85002e-05 0.999999 5.5e+06 109.939
35 6.14882e+06 9.49236e-05 0.999999 5.5e+06 109.791
36 6.1511e+06 9.97435e-05 0.999998 5.5e+06 107.117
37 6.14757e+06 0.000124363 0.999999 5.5e+06 106.296
38 6.15382e+06 9.46147e-05 0.999999 5.5e+06 108.947
39 6.15274e+06 0.00011855 0.999998 5.5e+06 109.093
40 6.15441e+06 0.00011764 0.999999 5.5e+06 107.659
41 6.15282e+06 0.000149078 0.999998 5.5e+06 111.767
42 6.1526e+06 0.000158797 0.999998 5.5e+06 109.718
43 6.15218e+06 0.000147605 0.999994 5.5e+06 108.912
44 6.15141e+06 0.000197378 0.999991 5.5e+06 104.149
45 6.15326e+06 0.000186526 0.999997 5.5e+06 107.757
46 6.15161e+06 0.000172129 0.999992 5.5e+06 104.704
47 6.15438e+06 0.000164384 0.999993 5.5e+06 109.132
48 6.15675e+06 0.00013045 0.999999 5.5e+06 114.844
49 6.15757e+06 0.000180641 0.999997 5.5e+06 108.746
50 6.1578e+06 0.000156225 0.999998 5.5e+06 110.174
