2 5.55214e+06 2.96278e-07 1 5.5e+06 4.66213
3 5.7739e+06 7.9473e-07 1 5.5e+06 5.99302
4 5.88624e+06 1.74056e-06 1 5.5e+06 9.28874
5 5.95581e+06 1.09203e-06 1 5.5e+06 9.29502
6 6.0215e+06 9.26157e-07 1 5.5e+06 8.89382
7 6.05326e+06 1.64324e-06 1 5.5e+06 12.161
8 6.08864e+06 0 1 5.5e+06 10.4041
9 6.07851e+06 5.30391e-06 1 5.5e+06 19.1228
10 6.09535e+06 5.77604e-06 1 5.5e+06 19.2524
11 6.11956e+06 8.36447e-06 1 5.5e+06 19.1012
12 6.11694e+06 9.56636e-06 1 5.5e+06 25.3672
13 6.12733e+06 2.70677e-05 1 5.5e+06 31.9273
14 6.13317e+06 2.10671e-05 1 5.5e+06 37.8372
15 6.14274e+06 0.000107355 0.999997 5.5e+06 38.1993
16 6.14062e+06 0.000255919 0.999998 5.5e+06 42.22
17 6.1441e+06 2.49087e-05 1 5.5e+06 42.467
18 6.13653e+06 9.09321e-05 0.999999 5.5e+06 58.6888
19 6.15078e+06 5.21094e-05 1 5.5e+06 54.3805
20 6.14519e+06 5.21442e-05 1 5.5e+06 55.4879
21 6.14971e+06 0.000102517 0.999999 5.5e+06 57.0712
22 6.14908e+06 0.000101883 0.999998 5.5e+06 69.0073
23 6.14891e+06 5.40932e-05 1 5.5e+06 69.3142
24 6.15316e+06 9.29851e-05 1 5.5e+06 68.0663
25 6.15395e+06 0.00115168 0.999967 5.5e+06 60.985
26 6.15117e+06 0.000269861 0.999994 5.5e+06 73.3665
27 6.15403e+06 0.000276058 0.999992 5.5e+06 69.5863
28 6.15385e+06 0.000458987 0.999992 5.5e+06 77.201
29 6.15618e+06 0.000191866 0.999996 5.5e+06 84.5757
30 6.16145e+06 0.00184725 0.999912 5.5e+06 62.2466
31 6.16031e+06 0.000197808 0.999997 5.5e+06 82.4595
32 6.16097e+06 0.000623757 0.999991 5.5e+06 80.1746
33 6.16356e+06 0.000255109 0.999998 5.5e+06 80.8248
34 6.1602e+06 0.000536186 0.999992 5.5e+06 83.3743
35 6.16166e+06 0.000989616 0.999961 5.5e+06 78.3568
36 6.16285e+06 0.00129886 0.999911 5.5e+06 77.3012
37 6.16273e+06 0.000290819 0.999996 5.5e+06 82.872
38 6.16138e+06 0.000472994 0.999991 5.5e+06 86.0487
39 6.16527e+06 0.00045083 0.999982 5.5e+06 88.7343
40 6.15773e+06 0.000992892 0.999975 5.5e+06 78.3504
41 6.16253e+06 0.000306047 0.999995 5.5e+06 98.8826
42 6.16176e+06 0.000920108 0.999965 5.5e+06 83.5154
43 6.16112e+06 0.000491814 0.999992 5.5e+06 96.3778
44 6.1594e+06 0.00131862 0.999964 5.5e+06 85.835
45 6.16065e+06 0.00110665 0.999977 5.5e+06 83.8262
46 6.16479e+06 0.000570328 0.999964 5.5e+06 92.0401
47 6.15859e+06 0.000922297 0.999906 5.5e+06 98.0466
48 6.16509e+06 0.000701123 0.999981 5.5e+06 90.4349
49 6.15827e+06 0.00154958 0.999917 5.5e+06 90.9327
50 6.16205e+06 0.000775891 0.999983 5.5e+06 91.5069
