2 777768 7.37835e-06 0.999996 200000 0.00257162
3 1.16248e+06 2.76171e-05 0.999878 200000 0.00275471
4 1.53826e+06 8.18387e-05 0.999914 200000 0.00304836
5 1.91203e+06 0.000174298 0.999896 200000 0.00341508
6 2.26868e+06 0.000329559 0.999975 200000 0.00386829
7 2.64413e+06 0.000572829 0.999912 200000 0.00458092
8 3.04757e+06 0.0010209 0.999658 200000 0.00614873
9 5.04452e+06 0.00151639 0.958787 200000 12.5163
10 5.97436e+06 0.000410943 0.995164 200000 62.9591
11 6.03163e+06 0.000133102 0.971102 200000 61.9105
12 6.03696e+06 0.000368901 0.955423 200000 76.2287
13 6.05807e+06 0.000155149 0.982234 200000 78.2187
14 6.05993e+06 0.000297871 0.98613 200000 71.3123
15 6.06257e+06 0.000417161 0.989225 200000 80.8822
16 6.08378e+06 0.00025724 0.994523 200000 87.2187
17 6.1003e+06 0.00011114 0.999997 200000 80.8279
18 6.10461e+06 0.00016128 0.999998 200000 80.4911
19 6.11016e+06 0.000120007 0.999996 200000 82.7135
20 6.11882e+06 0.000120557 1 200000 75.3963
21 6.11965e+06 0.000141032 0.999999 200000 83.1072
22 6.09328e+06 0.000434675 0.999239 200000 99.3979
23 6.10946e+06 0.000227401 0.99932 200000 100.329
24 6.09015e+06 0.000829536 0.999837 200000 83.1593
25 6.1235e+06 0.000228161 0.999997 200000 94.0021
26 6.13473e+06 0.000184599 0.999999 200000 86.3182
27 6.14372e+06 0.0001684 0.999999 200000 78.7553
28 6.14776e+06 0.000183511 0.999999 200000 76.2889
29 6.14084e+06 0.000172305 0.999997 200000 92.3635
30 6.14073e+06 0.000223722 0.999997 200000 87.5327
31 6.15469e+06 0.000220581 0.999994 200000 77.5056
32 6.14966e+06 0.000260119 0.999996 200000 89.0034
33 6.14839e+06 0.00020067 0.999998 200000 95.114
34 6.14969e+06 0.000158968 0.999998 200000 92.7709
35 6.15371e+06 0.00026368 0.999996 200000 90.2623
36 6.15138e+06 0.000199117 0.999996 200000 95.1413
37 6.15342e+06 0.000254535 0.999994 200000 92.4198
38 6.15416e+06 0.000303201 0.999995 200000 90.5064
39 6.15639e+06 0.000317517 0.999989 200000 88.08
40 6.15908e+06 0.000316363 0.999995 200000 89.8368
41 6.15556e+06 0.000278958 0.999998 200000 96.0157
42 6.16271e+06 0.000599366 0.999982 200000 80.8552
43 6.15549e+06 0.00050803 0.999995 200000 91.9901
44 6.16226e+06 0.000355346 0.999996 200000 94.8463
45 6.16195e+06 0.000283541 0.999997 200000 93.4076
46 6.1639e+06 0.000481282 0.999978 200000 91.4579
47 6.16088e+06 0.000410547 0.999993 200000 97.3719
48 6.16015e+06 0.000321666 0.99999 200000 93.2345
49 6.16229e+06 0.000738252 0.571292 200000 98.7808
50 6.16018e+06 0.000424074 0.999991 200000 99.0529

2 5.48265e+06 2.62585e-05 0.999063 1e+06 17.0745
3 5.64551e+06 0.000128757 0.960364 1e+06 23.4279
4 5.82462e+06 2.57511e-05 0.99655 1e+06 45.2751
5 5.91872e+06 8.33946e-06 1 1e+06 19.3014
6 5.96812e+06 6.2859e-06 1 1e+06 21.1062
7 6.00611e+06 1.14299e-05 1 1e+06 26.169
8 6.02311e+06 1.24226e-05 1 1e+06 33.843
9 6.05508e+06 1.54313e-05 1 1e+06 32.6671
10 6.08391e+06 9.64501e-06 1 1e+06 21.6333
11 6.08928e+06 2.10172e-05 1 1e+06 38.2853
12 6.10349e+06 1.4644e-05 1 1e+06 27.8945
13 6.11124e+06 2.02068e-05 1 1e+06 35.739
14 6.12666e+06 2.19955e-05 0.945367 1e+06 37.0415
15 6.13109e+06 2.01339e-05 1 1e+06 39.8648
16 6.13373e+06 2.30646e-05 1 1e+06 44.1375
17 6.13434e+06 5.87685e-05 1 1e+06 50.6921
18 6.14957e+06 0.000111864 0.999999 1e+06 47.1855
19 6.14173e+06 9.67475e-05 1 1e+06 56.4706
20 6.14699e+06 4.27725e-05 1 1e+06 55.5327
21 6.13945e+06 7.39704e-05 0.999999 1e+06 68.5208
22 6.14771e+06 0.000101403 1 1e+06 57.1806
23 6.15432e+06 0.000118255 0.999995 1e+06 58.4174
24 6.14534e+06 7.34239e-05 0.999998 1e+06 73.6004
25 6.15398e+06 6.08739e-05 0.965684 1e+06 73.1442
26 6.15215e+06 0.000133363 0.999998 1e+06 74.1441
27 6.15633e+06 0.000411583 0.999994 1e+06 70.968
28 6.15714e+06 0.000123374 0.999995 1e+06 72.323
29 6.15683e+06 0.000688416 0.999981 1e+06 68.0542
30 6.1578e+06 0.000524026 0.999991 1e+06 73.2877
31 6.15773e+06 0.000288373 0.999995 1e+06 80.8854
32 6.15804e+06 0.000170656 0.999997 1e+06 87.3759
33 6.16295e+06 0.000248445 0.999998 1e+06 83.4151
34 6.1494e+06 0.00216383 0.999885 1e+06 70.171
35 6.16344e+06 0.000611172 0.999984 1e+06 81.736
36 6.16536e+06 0.000172599 1 1e+06 87.1383
37 6.16271e+06 0.000280843 0.999998 1e+06 95.8281
38 6.15569e+06 0.00151702 0.999912 1e+06 79.2337
39 6.1673e+06 0.000186166 0.999998 1e+06 87.4063
40 6.16348e+06 0.000381248 0.999937 1e+06 90.6434
41 6.16375e+06 0.000683242 0.999969 1e+06 83.5011
42 6.1636e+06 0.000442425 0.999984 1e+06 92.8216
43 6.16322e+06 0.000571953 0.999987 1e+06 89.7518
44 6.16618e+06 0.000451371 0.999994 1e+06 94.6154
45 6.16304e+06 0.000286174 0.999993 1e+06 98.7968
46 6.16017e+06 0.000929617 0.999977 1e+06 92.3008
47 6.16542e+06 0.000804471 0.999908 1e+06 89.2926
48 6.16348e+06 0.000860224 0.999975 1e+06 88.7556
49 6.16244e+06 0.000376503 0.999991 1e+06 98.1335
50 6.16479e+06 0.000517191 0.999979 1e+06 96.1521

2 5.55214e+06 2.96278e-07 1 5.5e+06 4.66213
3 5.7739e+06 7.9473e-07 1 5.5e+06 5.99302
4 5.88624e+06 1.74056e-06 1 5.5e+06 9.28874
5 5.95581e+06 1.09203e-06 1 5.5e+06 9.29502
6 6.0215e+06 9.26157e-07 1 5.5e+06 8.89382
7 6.05326e+06 1.64324e-06 1 5.5e+06 12.161
8 6.08864e+06 0 1 5.5e+06 10.4041
9 6.07851e+06 5.30391e-06 1 5.5e+06 19.1228
10 6.09535e+06 5.77604e-06 1 5.5e+06 19.2524
11 6.11956e+06 8.36447e-06 1 5.5e+06 19.1012
12 6.11694e+06 9.56636e-06 1 5.5e+06 25.3672
13 6.12733e+06 2.70677e-05 1 5.5e+06 31.9273
14 6.13317e+06 2.10671e-05 1 5.5e+06 37.8372
15 6.14274e+06 0.000107355 0.999997 5.5e+06 38.1993
16 6.14062e+06 0.000255919 0.999998 5.5e+06 42.22
17 6.1441e+06 2.49087e-05 1 5.5e+06 42.467
18 6.13653e+06 9.09321e-05 0.999999 5.5e+06 58.6888
19 6.15078e+06 5.21094e-05 1 5.5e+06 54.3805
20 6.14519e+06 5.21442e-05 1 5.5e+06 55.4879
21 6.14971e+06 0.000102517 0.999999 5.5e+06 57.0712
22 6.14908e+06 0.000101883 0.999998 5.5e+06 69.0073
23 6.14891e+06 5.40932e-05 1 5.5e+06 69.3142
24 6.15316e+06 9.29851e-05 1 5.5e+06 68.0663
25 6.15395e+06 0.00115168 0.999967 5.5e+06 60.985
26 6.15117e+06 0.000269861 0.999994 5.5e+06 73.3665
27 6.15403e+06 0.000276058 0.999992 5.5e+06 69.5863
28 6.15385e+06 0.000458987 0.999992 5.5e+06 77.201
29 6.15618e+06 0.000191866 0.999996 5.5e+06 84.5757
30 6.16145e+06 0.00184725 0.999912 5.5e+06 62.2466
31 6.16031e+06 0.000197808 0.999997 5.5e+06 82.4595
32 6.16097e+06 0.000623757 0.999991 5.5e+06 80.1746
33 6.16356e+06 0.000255109 0.999998 5.5e+06 80.8248
34 6.1602e+06 0.000536186 0.999992 5.5e+06 83.3743
35 6.16166e+06 0.000989616 0.999961 5.5e+06 78.3568
36 6.16285e+06 0.00129886 0.999911 5.5e+06 77.3012
37 6.16273e+06 0.000290819 0.999996 5.5e+06 82.872
38 6.16138e+06 0.000472994 0.999991 5.5e+06 86.0487
39 6.16527e+06 0.00045083 0.999982 5.5e+06 88.7343
40 6.15773e+06 0.000992892 0.999975 5.5e+06 78.3504
41 6.16253e+06 0.000306047 0.999995 5.5e+06 98.8826
42 6.16176e+06 0.000920108 0.999965 5.5e+06 83.5154
43 6.16112e+06 0.000491814 0.999992 5.5e+06 96.3778
44 6.1594e+06 0.00131862 0.999964 5.5e+06 85.835
45 6.16065e+06 0.00110665 0.999977 5.5e+06 83.8262
46 6.16479e+06 0.000570328 0.999964 5.5e+06 92.0401
47 6.15859e+06 0.000922297 0.999906 5.5e+06 98.0466
48 6.16509e+06 0.000701123 0.999981 5.5e+06 90.4349
49 6.15827e+06 0.00154958 0.999917 5.5e+06 90.9327
50 6.16205e+06 0.000775891 0.999983 5.5e+06 91.5069

2 5.59007e+06 0 1 1.1e+07 2.90172
3 5.80119e+06 0 1 1.1e+07 4.17858
4 5.91285e+06 0 1 1.1e+07 5.44537
5 5.95581e+06 1.02233e-06 1 1.1e+07 9.30513
6 6.0215e+06 9.54222e-07 1 1.1e+07 8.90359
7 6.05071e+06 1.26567e-05 1 1.1e+07 21.0494
8 6.05334e+06 6.86583e-06 1 1.1e+07 21.0381
9 6.09361e+06 4.92175e-06 1 1.1e+07 17.1783
10 6.08737e+06 9.36426e-06 1 1.1e+07 26.9115
11 6.13422e+06 1.69403e-06 1 1.1e+07 14.9325
12 6.10247e+06 2.44784e-05 1 1.1e+07 46.72
13 6.14481e+06 5.24409e-06 1 1.1e+07 19.6959
14 6.12533e+06 4.03515e-05 0.999999 1.1e+07 44.2233
15 6.14637e+06 3.81619e-05 1 1.1e+07 38.2375
16 6.13665e+06 3.98691e-05 1 1.1e+07 54.3154
17 6.14643e+06 7.97797e-05 1 1.1e+07 40.8966
18 6.14382e+06 0.00053846 0.999981 1.1e+07 45.4318
19 6.16393e+06 0.000217396 0.999976 1.1e+07 43.0989
20 6.15623e+06 0.000360068 0.999994 1.1e+07 56.3642
21 6.16293e+06 0.000505557 0.999991 1.1e+07 46.9201
22 6.15782e+06 0.000320872 0.999993 1.1e+07 58.9118
23 6.14843e+06 0.000140864 0.999997 1.1e+07 68.7909
24 6.16478e+06 0.000665743 0.999928 1.1e+07 54.8423
25 6.16089e+06 7.62284e-05 1 1.1e+07 66.271
26 6.16016e+06 0.000177786 0.999997 1.1e+07 68.2156
27 6.16012e+06 0.000406491 0.999989 1.1e+07 67.7774
28 6.15897e+06 0.000474773 0.999993 1.1e+07 71.9058
29 6.16011e+06 0.000429302 0.999983 1.1e+07 73.9305
30 6.16137e+06 0.000556332 0.999988 1.1e+07 78.8339
31 6.15654e+06 0.000159844 0.999999 1.1e+07 85.7185
32 6.16313e+06 0.000532839 0.999978 1.1e+07 74.4521
33 6.16209e+06 0.000226991 0.999995 1.1e+07 82.6168
34 6.15757e+06 0.000255648 0.999994 1.1e+07 86.0806
35 6.15986e+06 0.000215032 0.999998 1.1e+07 89.5829
36 6.15914e+06 0.00122011 0.999966 1.1e+07 77.8132
37 6.16104e+06 0.000900423 0.999973 1.1e+07 83.883
38 6.15928e+06 0.000353297 0.999991 1.1e+07 95.2296
39 6.16298e+06 0.000956769 0.999955 1.1e+07 80.6551
40 6.16326e+06 0.00074597 0.999976 1.1e+07 81.6897
41 6.16389e+06 0.000582234 0.999964 1.1e+07 87.3844
42 6.16312e+06 0.000612071 0.999994 1.1e+07 90.9856
43 6.16381e+06 0.00047544 0.99999 1.1e+07 91.9344
44 6.16514e+06 0.000453022 0.999994 1.1e+07 93.7129
45 6.16539e+06 0.000522995 0.999982 1.1e+07 88.6592
46 6.16049e+06 0.000421285 0.999991 1.1e+07 101.738
47 6.164e+06 0.000533159 0.999945 1.1e+07 99.1327
48 6.16378e+06 0.000428458 0.999993 1.1e+07 95.0366
49 6.16272e+06 0.000884744 0.999983 1.1e+07 97.8532
50 6.16137e+06 0.0011341 0.999954 1.1e+07 95.7319
