2 779233 3.59527e-06 0.999999 200000 0.00255345
3 1.17519e+06 1.4715e-05 0.999952 200000 0.0027282
4 1.53747e+06 3.90892e-05 0.999896 200000 0.00288894
5 1.91669e+06 8.82761e-05 0.999951 200000 0.00316783
6 2.28917e+06 0.000161707 0.999899 200000 0.00350298
7 2.66372e+06 0.000268773 0.999909 200000 0.00395322
8 3.73946e+06 0.000525106 0.974414 200000 0.853971
9 5.91918e+06 9.00247e-05 0.953316 200000 73.4625
10 6.01362e+06 4.48095e-05 0.961822 200000 91.1278
11 6.02255e+06 5.56572e-05 0.970498 200000 86.6178
12 6.03539e+06 8.93075e-05 0.976579 200000 92.2178
13 6.05968e+06 5.31627e-05 0.980741 200000 103.107
14 6.07733e+06 5.21101e-05 0.999996 200000 94.7145
15 6.082e+06 4.88013e-05 0.99987 200000 107.817
16 6.08785e+06 4.71438e-05 0.999989 200000 110.593
17 6.09704e+06 3.28673e-05 0.999999 200000 104.572
18 6.09904e+06 4.15819e-05 0.999984 200000 107.572
19 6.10692e+06 4.07671e-05 0.999998 200000 102.976
20 6.11067e+06 3.3827e-05 0.999999 200000 109.345
21 6.11801e+06 4.2481e-05 0.999999 200000 94.7068
22 6.12624e+06 3.10486e-05 1 200000 84.5847
23 6.12319e+06 3.9255e-05 1 200000 102.84
24 6.12494e+06 5.03655e-05 0.999999 200000 103.087
25 6.12928e+06 5.60127e-05 0.999999 200000 99.0477
26 6.13132e+06 7.43777e-05 0.999998 200000 101.054
27 6.12965e+06 7.15693e-05 0.999998 200000 105.66
28 6.13966e+06 7.32921e-05 1 200000 94.2175
29 6.14057e+06 8.53156e-05 1 200000 94.3928
30 6.13927e+06 7.7162e-05 0.999999 200000 98.8945
31 6.14655e+06 8.78305e-05 0.999999 200000 91.7958
32 6.14581e+06 9.28575e-05 0.999999 200000 96.7228
33 6.1442e+06 7.37037e-05 0.999999 200000 102.66
34 6.14686e+06 0.000126789 0.999998 200000 97.7417
35 6.14715e+06 0.000118592 0.999998 200000 100.988
36 6.14857e+06 8.18562e-05 1 200000 107.573
37 6.14771e+06 0.000145501 0.999997 200000 101.533
38 6.14841e+06 0.000164645 0.999992 200000 107.377
39 6.1487e+06 0.000145504 0.999997 200000 105.105
40 6.15251e+06 0.00012726 0.999999 200000 102.717
41 6.14894e+06 0.000157144 0.999998 200000 103.437
42 6.14828e+06 0.00016771 0.999997 200000 99.2292
43 6.15292e+06 0.000187265 0.999998 200000 106.822
44 6.15354e+06 0.000228236 0.999997 200000 102.368
45 6.15544e+06 0.000181428 0.999998 200000 101.4
46 6.15789e+06 0.000180348 0.999999 200000 107.485
47 6.15365e+06 0.000235734 0.999991 200000 95.5577
48 6.15332e+06 0.000190799 0.999998 200000 102.161
49 6.15642e+06 0.000233759 0.999995 200000 98.9821
50 6.15663e+06 0.000228409 0.999996 200000 100.026

2 5.24323e+06 4.74767e-05 0.815057 1e+06 19.5141
3 5.6651e+06 6.63005e-06 0.956505 1e+06 41.0943
4 5.83431e+06 2.11418e-06 0.999971 1e+06 61.9703
5 5.92327e+06 3.11276e-06 1 1e+06 17.9804
6 5.97009e+06 3.82057e-06 1 1e+06 22.7305
7 6.00719e+06 2.27258e-06 1 1e+06 21.5091
8 6.03526e+06 2.94552e-06 1 1e+06 20.3848
9 6.04778e+06 7.14722e-06 1 1e+06 34.0369
10 6.06821e+06 4.23e-06 1 1e+06 26.5413
11 6.0828e+06 7.52811e-06 1 1e+06 35.1833
12 6.07502e+06 1.01937e-05 1 1e+06 62.3625
13 6.09443e+06 1.05412e-05 1 1e+06 42.9692
14 6.11684e+06 1.27745e-05 1 1e+06 36.0235
15 6.09918e+06 1.39607e-05 1 1e+06 66.4488
16 6.12685e+06 1.31457e-05 1 1e+06 41.3045
17 6.12072e+06 1.96656e-05 1 1e+06 53.5084
18 6.11873e+06 2.51646e-05 1 1e+06 68.2804
19 6.11751e+06 3.04134e-05 1 1e+06 83.8007
20 6.13082e+06 3.13924e-05 1 1e+06 70.57
21 6.12903e+06 2.29167e-05 1 1e+06 77.1172
22 6.12592e+06 2.75525e-05 0.999999 1e+06 94.0266
23 6.13595e+06 4.61859e-05 1 1e+06 81.8879
24 6.13264e+06 4.08675e-05 1 1e+06 92.221
25 6.14432e+06 5.41488e-05 0.999999 1e+06 78.9669
26 6.13451e+06 8.72944e-05 0.999994 1e+06 99.3324
27 6.13928e+06 5.56084e-05 0.999998 1e+06 92.7817
28 6.14186e+06 4.57945e-05 0.999999 1e+06 98.2206
29 6.14828e+06 8.06475e-05 0.999999 1e+06 90.715
30 6.15309e+06 7.49802e-05 1 1e+06 87.4407
31 6.14812e+06 7.73702e-05 0.999999 1e+06 94.4935
32 6.14582e+06 0.000109493 0.999998 1e+06 100.205
33 6.14751e+06 0.000126442 0.999999 1e+06 102.59
34 6.1501e+06 8.02738e-05 1 1e+06 109.518
35 6.1476e+06 7.63381e-05 0.999999 1e+06 110.459
36 6.15072e+06 0.000144033 0.999997 1e+06 101.106
37 6.1527e+06 0.000110684 0.999999 1e+06 103.884
38 6.14946e+06 0.000149691 0.999997 1e+06 101.876
39 6.1482e+06 0.000129049 0.999997 1e+06 109.907
40 6.1436e+06 0.000184045 0.999992 1e+06 106.018
41 6.15285e+06 0.000141074 0.999998 1e+06 107.509
42 6.14987e+06 0.000148185 0.999994 1e+06 109.02
43 6.15118e+06 0.000149805 0.999998 1e+06 106.884
44 6.15497e+06 0.000217174 0.999997 1e+06 104.856
45 6.15109e+06 0.000239174 0.999991 1e+06 102.149
46 6.15217e+06 0.00020978 0.999995 1e+06 100.381
47 6.14886e+06 0.000253878 0.999989 1e+06 101.941
48 6.15217e+06 0.000235715 0.999996 1e+06 103.8
49 6.15133e+06 0.000225341 0.999992 1e+06 98.1158
50 6.15711e+06 0.000187178 0.999996 1e+06 106.318

2 5.55216e+06 1.48139e-07 1 5.5e+06 4.66207
3 5.77392e+06 3.26724e-07 1 5.5e+06 5.99288
4 5.85994e+06 5.34205e-07 1 5.5e+06 11.8993
5 5.95582e+06 6.32227e-07 1 5.5e+06 9.29495
6 6.01413e+06 8.6765e-07 1 5.5e+06 9.76693
7 6.04051e+06 1.57709e-06 1 5.5e+06 13.687
8 6.08864e+06 0 1 5.5e+06 10.4041
9 6.07104e+06 2.89932e-06 1 5.5e+06 18.5814
10 6.09766e+06 3.34062e-06 1 5.5e+06 17.5774
11 6.07043e+06 9.63862e-06 1 5.5e+06 47.3883
12 6.10928e+06 1.20566e-05 1 5.5e+06 32.5242
13 6.10501e+06 9.77987e-06 1 5.5e+06 37.4328
14 6.10997e+06 8.65121e-06 1 5.5e+06 39.5963
15 6.11794e+06 1.44428e-05 1 5.5e+06 45.8018
16 6.10657e+06 2.6184e-05 1 5.5e+06 69.6513
17 6.1208e+06 1.58593e-05 1 5.5e+06 53.9981
18 6.12802e+06 1.81829e-05 1 5.5e+06 58.1661
19 6.12198e+06 1.84056e-05 1 5.5e+06 73.373
20 6.13607e+06 2.97331e-05 1 5.5e+06 67.9029
21 6.13578e+06 2.16268e-05 1 5.5e+06 66.1746
22 6.14103e+06 3.73955e-05 1 5.5e+06 69.7257
23 6.13673e+06 4.92443e-05 1 5.5e+06 84.6124
24 6.14391e+06 4.55174e-05 1 5.5e+06 79.802
25 6.13371e+06 7.66442e-05 0.999998 5.5e+06 91.9455
26 6.1347e+06 6.00104e-05 1 5.5e+06 99.1328
27 6.13765e+06 6.47381e-05 0.999999 5.5e+06 101.071
28 6.13971e+06 7.76045e-05 0.999999 5.5e+06 100.733
29 6.14002e+06 6.69797e-05 0.999997 5.5e+06 105.234
30 6.14051e+06 0.000102114 0.999999 5.5e+06 104.037
31 6.14321e+06 7.87743e-05 0.999998 5.5e+06 106.054
32 6.14853e+06 7.3527e-05 0.999999 5.5e+06 102.453
33 6.15125e+06 7.24075e-05 1 5.5e+06 102.025
34 6.14746e+06 6.85002e-05 0.999999 5.5e+06 109.939
35 6.14882e+06 9.49236e-05 0.999999 5.5e+06 109.791
36 6.1511e+06 9.97435e-05 0.999998 5.5e+06 107.117
37 6.14757e+06 0.000124363 0.999999 5.5e+06 106.296
38 6.15382e+06 9.46147e-05 0.999999 5.5e+06 108.947
39 6.15274e+06 0.00011855 0.999998 5.5e+06 109.093
40 6.15441e+06 0.00011764 0.999999 5.5e+06 107.659
41 6.15282e+06 0.000149078 0.999998 5.5e+06 111.767
42 6.1526e+06 0.000158797 0.999998 5.5e+06 109.718
43 6.15218e+06 0.000147605 0.999994 5.5e+06 108.912
44 6.15141e+06 0.000197378 0.999991 5.5e+06 104.149
45 6.15326e+06 0.000186526 0.999997 5.5e+06 107.757
46 6.15161e+06 0.000172129 0.999992 5.5e+06 104.704
47 6.15438e+06 0.000164384 0.999993 5.5e+06 109.132
48 6.15675e+06 0.00013045 0.999999 5.5e+06 114.844
49 6.15757e+06 0.000180641 0.999997 5.5e+06 108.746
50 6.1578e+06 0.000156225 0.999998 5.5e+06 110.174

2 5.59007e+06 0 1 1.1e+07 2.90172
3 5.80119e+06 0 1 1.1e+07 4.17858
4 5.91285e+06 0 1 1.1e+07 5.44537
5 5.94717e+06 8.98171e-07 1 1.1e+07 9.97088
6 6.01413e+06 8.93168e-07 1 1.1e+07 9.77687
7 6.05008e+06 9.88602e-07 1 1.1e+07 11.0016
8 6.04923e+06 2.9834e-06 1 1.1e+07 18.4136
9 6.06727e+06 4.52467e-06 1 1.1e+07 23.0978
10 6.08177e+06 5.12672e-06 1 1.1e+07 23.4384
11 6.07774e+06 1.66565e-05 1 1.1e+07 45.3168
12 6.08759e+06 1.32983e-05 1 1.1e+07 52.3058
13 6.14125e+06 6.60324e-06 1 1.1e+07 23.0482
14 6.10413e+06 1.27059e-05 1 1.1e+07 50.6582
15 6.11812e+06 1.82566e-05 0.999999 1.1e+07 49.4959
16 6.12465e+06 1.68648e-05 1 1.1e+07 47.0966
17 6.12076e+06 1.83054e-05 1 1.1e+07 56.0377
18 6.12716e+06 1.99367e-05 1 1.1e+07 55.9215
19 6.12546e+06 4.70114e-05 1 1.1e+07 73.9314
20 6.13576e+06 3.37364e-05 1 1.1e+07 63.2602
21 6.12847e+06 3.03646e-05 1 1.1e+07 80.8761
22 6.13092e+06 7.10846e-05 0.999999 1.1e+07 75.6338
23 6.13759e+06 3.19023e-05 1 1.1e+07 76.2904
24 6.14388e+06 4.63464e-05 1 1.1e+07 76.1562
25 6.13862e+06 5.38055e-05 0.999998 1.1e+07 86.1294
26 6.15301e+06 4.50346e-05 1 1.1e+07 68.4206
27 6.13567e+06 4.94577e-05 0.999999 1.1e+07 104.744
28 6.13829e+06 0.000135198 0.999995 1.1e+07 94.391
29 6.14188e+06 9.49493e-05 0.999999 1.1e+07 103.749
30 6.14741e+06 7.31736e-05 0.999999 1.1e+07 95.7393
31 6.14739e+06 9.81831e-05 0.999999 1.1e+07 95.3379
32 6.1492e+06 9.75922e-05 0.999999 1.1e+07 98.4502
33 6.15168e+06 9.46628e-05 0.999999 1.1e+07 98.0924
34 6.14854e+06 0.000101751 0.999999 1.1e+07 107.01
35 6.15086e+06 7.35456e-05 1 1.1e+07 108.785
36 6.14869e+06 0.000103466 0.999995 1.1e+07 108.989
37 6.15104e+06 9.92757e-05 0.999999 1.1e+07 108.995
38 6.15528e+06 9.55744e-05 1 1.1e+07 108.538
39 6.15469e+06 9.07965e-05 0.999999 1.1e+07 112.153
40 6.15033e+06 0.000177734 0.999996 1.1e+07 105.676
41 6.15066e+06 0.000214437 0.999996 1.1e+07 109.762
42 6.15099e+06 0.000105239 0.999998 1.1e+07 114.12
43 6.14901e+06 0.000183512 0.999994 1.1e+07 106.226
44 6.15377e+06 0.000160076 0.999998 1.1e+07 110.192
45 6.15409e+06 0.000158355 0.999998 1.1e+07 108.254
46 6.15375e+06 0.000143401 0.999998 1.1e+07 110.388
47 6.15589e+06 0.000230074 0.999995 1.1e+07 110.832
48 6.15483e+06 0.000223185 0.999993 1.1e+07 108.138
49 6.1501e+06 0.000318036 0.999988 1.1e+07 95.4866
50 6.15539e+06 0.000178825 0.999995 1.1e+07 109.439
