2 5.55216e+06 1.48138e-07 1 1.1e+07 0.523803
3 5.77392e+06 4.084e-07 1 1.1e+07 0.844678
4 5.91285e+06 0 1 1.1e+07 1.37227
5 5.94717e+06 8.98171e-07 1 1.1e+07 1.29037
6 6.01413e+06 8.93168e-07 1 1.1e+07 1.80397
7 6.03255e+06 2.24181e-06 1 1.1e+07 1.73421
8 6.04923e+06 2.9834e-06 1 1.1e+07 1.84835
9 6.05631e+06 2.68358e-05 1 1.1e+07 1.51102
10 6.08177e+06 5.12672e-06 1 1.1e+07 2.19317
11 6.13005e+06 1.66105e-06 1 1.1e+07 3.38029
12 6.08759e+06 1.32983e-05 1 1.1e+07 1.72836
13 6.14125e+06 6.60324e-06 1 1.1e+07 3.5862
14 6.11524e+06 1.11955e-05 1 1.1e+07 2.62681
15 6.11812e+06 1.82566e-05 0.999999 1.1e+07 2.46804
16 6.12465e+06 1.68648e-05 1 1.1e+07 2.74251
17 6.12076e+06 1.83054e-05 1 1.1e+07 2.43077
18 6.12716e+06 1.99367e-05 1 1.1e+07 2.74252
19 6.13667e+06 1.95797e-05 1 1.1e+07 3.08199
20 6.13576e+06 3.37364e-05 1 1.1e+07 2.94057
21 6.12847e+06 3.03646e-05 1 1.1e+07 2.24584
22 6.13092e+06 7.10846e-05 0.999999 1.1e+07 2.34945
23 6.13759e+06 3.19023e-05 1 1.1e+07 2.7801
24 6.14388e+06 4.63464e-05 1 1.1e+07 3.18689
25 6.13862e+06 5.38055e-05 0.999998 1.1e+07 2.55939
26 6.1411e+06 7.18906e-05 1 1.1e+07 2.75326
27 6.13567e+06 4.94577e-05 0.999999 1.1e+07 1.88959
28 6.13829e+06 0.000135198 0.999995 1.1e+07 2.28125
29 6.14188e+06 9.49493e-05 0.999999 1.1e+07 2.41582
30 6.14741e+06 7.31736e-05 0.999999 1.1e+07 2.87543
31 6.14704e+06 6.5804e-05 0.999999 1.1e+07 2.73141
32 6.1492e+06 9.75922e-05 0.999999 1.1e+07 3.08233
33 6.15168e+06 9.46628e-05 0.999999 1.1e+07 3.20567
34 6.14854e+06 0.000101751 0.999999 1.1e+07 2.62864
35 6.15086e+06 7.35456e-05 1 1.1e+07 2.98408
36 6.14869e+06 0.000103466 0.999995 1.1e+07 2.55026
37 6.15104e+06 9.92757e-05 0.999999 1.1e+07 2.78206
38 6.15528e+06 9.55744e-05 1 1.1e+07 3.31387
39 6.15469e+06 9.07965e-05 0.999999 1.1e+07 3.20834
40 6.15033e+06 0.000177734 0.999996 1.1e+07 2.5081
41 6.15066e+06 0.000214437 0.999996 1.1e+07 2.59571
42 6.15099e+06 0.000105239 0.999998 1.1e+07 2.29821
43 6.14901e+06 0.000183512 0.999994 1.1e+07 2.1612
44 6.15377e+06 0.000160076 0.999998 1.1e+07 2.68651
45 6.15409e+06 0.000158355 0.999998 1.1e+07 2.67945
46 6.15375e+06 0.000143401 0.999998 1.1e+07 2.56274
47 6.15589e+06 0.000230074 0.999995 1.1e+07 3.01835
48 6.15483e+06 0.000223185 0.999993 1.1e+07 2.81231
49 6.1501e+06 0.000318036 0.999988 1.1e+07 2.29031
50 6.15539e+06 0.000178825 0.999995 1.1e+07 2.66042
