2 5.55215e+06 2.96275e-07 1 1.1e+07 0.523808
3 5.7739e+06 7.00119e-07 1 1.1e+07 0.844694
4 5.91285e+06 0 1 1.1e+07 1.37227
5 5.95581e+06 1.02233e-06 1 1.1e+07 1.38617
6 6.0215e+06 9.54222e-07 1 1.1e+07 1.90627
7 6.05007e+06 1.82513e-06 1 1.1e+07 2.12161
8 6.05334e+06 6.86583e-06 1 1.1e+07 1.85636
9 6.07999e+06 1.29954e-05 1 1.1e+07 2.0841
10 6.08737e+06 9.36426e-06 1 1.1e+07 2.19169
11 6.13422e+06 1.74536e-06 1 1.1e+07 3.48289
12 6.10247e+06 2.44784e-05 1 1.1e+07 2.11701
13 6.14481e+06 5.24409e-06 1 1.1e+07 3.80097
14 6.125e+06 1.74609e-05 1 1.1e+07 2.97092
15 6.14637e+06 3.81619e-05 1 1.1e+07 3.46966
16 6.13665e+06 3.98691e-05 1 1.1e+07 2.95221
17 6.14643e+06 7.97797e-05 1 1.1e+07 3.62654
18 6.14382e+06 0.00053846 0.999981 1.1e+07 3.64054
19 6.15937e+06 6.717e-05 1 1.1e+07 3.95197
20 6.15623e+06 0.000360068 0.999994 1.1e+07 3.60595
21 6.16293e+06 0.000505557 0.999991 1.1e+07 4.42367
22 6.15782e+06 0.000320872 0.999993 1.1e+07 3.90703
23 6.14843e+06 0.000140864 0.999997 1.1e+07 3.38347
24 6.16478e+06 0.000665743 0.999928 1.1e+07 4.54935
25 6.16089e+06 7.62284e-05 1 1.1e+07 4.16236
26 6.16e+06 0.000509863 0.999993 1.1e+07 4.1313
27 6.16012e+06 0.000406491 0.999989 1.1e+07 4.22875
28 6.15897e+06 0.000474773 0.999993 1.1e+07 3.59268
29 6.16011e+06 0.000429302 0.999983 1.1e+07 3.87129
30 6.16137e+06 0.000556332 0.999988 1.1e+07 3.88209
31 6.1599e+06 0.000304741 0.999996 1.1e+07 3.82536
32 6.16313e+06 0.000532839 0.999978 1.1e+07 4.104
33 6.16209e+06 0.000226991 0.999995 1.1e+07 4.20908
34 6.15757e+06 0.000255648 0.999994 1.1e+07 3.89754
35 6.15986e+06 0.000215032 0.999998 1.1e+07 3.85009
36 6.15914e+06 0.00122011 0.999966 1.1e+07 4.45752
37 6.16104e+06 0.000900423 0.999973 1.1e+07 4.22826
38 6.15928e+06 0.000353297 0.999991 1.1e+07 4.09185
39 6.16298e+06 0.000956769 0.999955 1.1e+07 4.61237
40 6.16326e+06 0.00074597 0.999976 1.1e+07 4.46376
41 6.16389e+06 0.000582234 0.999964 1.1e+07 4.228
42 6.16312e+06 0.000612071 0.999994 1.1e+07 4.48436
43 6.16381e+06 0.00047544 0.99999 1.1e+07 4.40395
44 6.16514e+06 0.000453022 0.999994 1.1e+07 4.53049
45 6.16539e+06 0.000522995 0.999982 1.1e+07 4.70788
46 6.16049e+06 0.000421285 0.999991 1.1e+07 3.96916
47 6.164e+06 0.000533159 0.999945 1.1e+07 4.76081
48 6.16378e+06 0.000428458 0.999993 1.1e+07 4.38296
49 6.16272e+06 0.000884744 0.999983 1.1e+07 4.92311
50 6.16137e+06 0.0011341 0.999954 1.1e+07 4.77565
