2 2.748e+06 1.47806e-05 0.999998 1e+06 0.00204959
3 3.7526e+06 0.000571093 0.999994 1e+06 0.00258375
4 5.14915e+06 0.00200207 0.977906 1e+06 0.00800707
5 5.32302e+06 0.003939 0.993385 1e+06 0.00899063
6 5.36943e+06 0.00653852 0.999697 1e+06 0.0099583
7 5.55153e+06 0.00621814 0.99471 1e+06 0.0193107
8 5.62605e+06 0.00583848 0.99963 1e+06 0.016331
9 5.74262e+06 0.00419591 0.999685 1e+06 0.0183218
10 5.92257e+06 0.00147599 0.999843 1e+06 0.0444924
11 6.03185e+06 0.000250998 0.999956 1e+06 0.20001
12 6.06063e+06 4.58214e-05 0.999997 1e+06 0.245419
13 6.06532e+06 0.000130658 0.999635 1e+06 0.27749
14 6.08397e+06 2.31905e-05 0.999999 1e+06 0.873306
15 6.0925e+06 2.39517e-05 1 1e+06 1.0902
16 6.1009e+06 1.53532e-05 1 1e+06 1.32427
17 6.11154e+06 2.27365e-05 1 1e+06 1.80712
18 6.11459e+06 3.3014e-05 1 1e+06 1.74074
19 6.12482e+06 2.78824e-05 1 1e+06 2.3067
20 6.12337e+06 4.58676e-05 1 1e+06 1.97307
21 6.12859e+06 3.54873e-05 1 1e+06 2.1676
22 6.13569e+06 3.69548e-05 1 1e+06 2.7451
23 6.1343e+06 3.63934e-05 1 1e+06 2.45494
24 6.13685e+06 3.63234e-05 1 1e+06 2.58679
25 6.13972e+06 3.94343e-05 1 1e+06 2.66421
26 6.13611e+06 4.06579e-05 1 1e+06 2.1069
27 6.14096e+06 5.34633e-05 0.999999 1e+06 2.53894
28 6.13729e+06 0.000101021 0.999997 1e+06 1.86662
29 6.13762e+06 9.90499e-05 0.999996 1e+06 1.94883
30 6.14775e+06 9.72822e-05 0.999999 1e+06 3.00132
31 6.14035e+06 0.000102299 0.999998 1e+06 2.04399
32 6.14701e+06 0.000107369 0.999999 1e+06 2.64318
33 6.14428e+06 8.30924e-05 0.999998 1e+06 2.18737
34 6.14798e+06 0.000109161 0.999998 1e+06 2.5671
35 6.15401e+06 8.87984e-05 1 1e+06 3.34353
36 6.1443e+06 0.000149626 0.999997 1e+06 1.93854
37 6.14988e+06 0.000173125 0.999997 1e+06 2.63397
38 6.14722e+06 0.000140501 0.999998 1e+06 2.20977
39 6.14829e+06 0.000147062 0.999997 1e+06 2.19926
40 6.15357e+06 0.000100225 0.999999 1e+06 2.8832
41 6.15118e+06 0.000184657 0.999998 1e+06 2.54194
42 6.15173e+06 0.000120379 0.999999 1e+06 2.47161
43 6.14807e+06 0.000189456 0.999994 1e+06 2.04651
44 6.15165e+06 0.000187833 0.999997 1e+06 2.44233
45 6.15109e+06 0.000239174 0.999991 1e+06 2.39867
46 6.15454e+06 0.000134715 0.999998 1e+06 2.63435
47 6.15702e+06 0.00016434 0.999998 1e+06 3.02363
48 6.15172e+06 0.000239467 0.999995 1e+06 2.28616
49 6.15319e+06 0.000210513 0.999994 1e+06 2.44556
50 6.15797e+06 0.000204108 0.999997 1e+06 3.18395
