2 2.74036e+06 2.928e-05 0.999999 1e+06 0.0020536
3 3.64619e+06 0.00107592 0.999974 1e+06 0.00272725
4 4.19079e+06 0.00479068 0.999969 1e+06 0.00395547
5 4.59415e+06 0.0119491 0.998807 1e+06 0.00633637
6 4.83024e+06 0.0170856 0.999208 1e+06 0.013057
7 5.56249e+06 0.00604837 0.768527 1e+06 0.148034
8 5.9728e+06 0.00129424 0.396571 1e+06 0.448419
9 6.05274e+06 0.000972846 0.186126 1e+06 0.659176
10 6.05603e+06 0.000258194 0.657622 1e+06 0.437108
11 6.04922e+06 0.000372553 0.92041 1e+06 0.653025
12 6.03182e+06 0.000656229 0.999337 1e+06 0.548107
13 6.0415e+06 0.000687277 0.998598 1e+06 0.669758
14 6.07327e+06 0.000286213 0.997925 1e+06 0.739684
15 6.11538e+06 2.81686e-05 1 1e+06 2.55955
16 6.10468e+06 7.49991e-05 0.999998 1e+06 1.58508
17 6.12056e+06 6.30304e-05 1 1e+06 2.42393
18 6.13043e+06 4.98273e-05 1 1e+06 2.8796
19 6.12707e+06 6.53669e-05 1 1e+06 2.49551
20 6.13189e+06 7.56875e-05 1 1e+06 2.62283
21 6.14218e+06 9.46559e-05 1 1e+06 3.16075
22 6.14494e+06 0.000160969 0.999997 1e+06 3.23513
23 6.15151e+06 0.000232545 0.999998 1e+06 3.62313
24 6.14249e+06 7.35696e-05 1 1e+06 3.07853
25 6.152e+06 0.000121877 0.999999 1e+06 3.41328
26 6.15198e+06 0.00012356 0.999994 1e+06 3.38476
27 6.15567e+06 0.00032053 0.999992 1e+06 3.78483
28 6.15872e+06 0.000330937 0.999989 1e+06 3.91694
29 6.15613e+06 0.000263365 0.999995 1e+06 3.77176
30 6.1646e+06 0.00040789 0.999992 1e+06 4.33102
31 6.1595e+06 0.000246354 0.971438 1e+06 3.98413
32 6.15933e+06 0.000141052 0.999997 1e+06 3.99965
33 6.15248e+06 0.000223951 0.999998 1e+06 3.309
34 6.15967e+06 0.00119142 0.999923 1e+06 4.83212
35 6.16408e+06 0.000311875 0.999989 1e+06 4.31195
36 6.15796e+06 0.00022113 0.999989 1e+06 3.76825
37 6.15889e+06 0.000374017 0.999996 1e+06 3.88368
38 6.16314e+06 0.000453911 0.999985 1e+06 4.00264
39 6.15866e+06 0.00107857 0.999942 1e+06 4.07934
40 6.15874e+06 0.00039174 0.999986 1e+06 4.16583
41 6.1635e+06 0.000279281 0.999998 1e+06 4.34435
42 6.1636e+06 0.000442425 0.999984 1e+06 4.32425
43 6.1615e+06 0.000536696 0.999972 1e+06 3.84703
44 6.16308e+06 0.000327935 0.999992 1e+06 4.27732
45 6.16304e+06 0.000286174 0.999993 1e+06 4.33531
46 6.16017e+06 0.000929617 0.999977 1e+06 4.38345
47 6.1627e+06 0.000761569 0.980238 1e+06 4.18295
48 6.16424e+06 0.000647674 0.980631 1e+06 4.47447
49 6.1596e+06 0.00078639 0.980976 1e+06 3.9258
50 6.16593e+06 0.000484726 0.999984 1e+06 4.74198
