2 2.31142e+06 5.28048e-05 0.999999 1e+06 0.00260967
3 3.41891e+06 0.000299523 0.999998 1e+06 0.00399934
4 4.41547e+06 0.00138776 0.999976 1e+06 0.00702409
5 5.22368e+06 0.0103999 0.999981 1e+06 0.0314339
6 5.23078e+06 0.0274409 0.999919 1e+06 8.45851
7 5.171e+06 0.0337922 0.999992 1e+06 10.3605
8 5.11536e+06 0.0398407 0.999957 1e+06 12.0171
9 5.05883e+06 0.0459093 0.999811 1e+06 13.665
10 5.01197e+06 0.0512354 0.999903 1e+06 15.2864
11 4.96628e+06 0.0568957 0.999792 1e+06 16.9088
12 4.91894e+06 0.0623228 0.999735 1e+06 18.5376
13 4.87597e+06 0.0673165 0.99989 1e+06 20.1646
14 4.83473e+06 0.0719068 0.999601 1e+06 21.7892
15 4.80018e+06 0.0768127 0.999633 1e+06 23.3967
16 4.76142e+06 0.0814176 0.999628 1e+06 25.0137
17 4.72327e+06 0.085787 0.99972 1e+06 26.641
18 4.68914e+06 0.0902917 0.999472 1e+06 28.2377
19 4.66024e+06 0.0943307 0.999573 1e+06 29.8257
20 4.62356e+06 0.0985659 0.999619 1e+06 31.4466
21 4.60105e+06 0.102306 0.99951 1e+06 32.9812
22 4.57417e+06 0.105941 0.999517 1e+06 34.5456
23 4.54413e+06 0.10987 0.99938 1e+06 36.1284
24 4.51948e+06 0.112928 0.999394 1e+06 37.6674
25 4.49478e+06 0.117346 0.999633 1e+06 39.2061
26 4.46905e+06 0.120289 0.999436 1e+06 40.7471
27 4.44088e+06 0.124201 0.999146 1e+06 42.2948
28 4.41928e+06 0.127534 0.999278 1e+06 43.7729
29 4.39972e+06 0.130474 0.999541 1e+06 45.233
30 4.37134e+06 0.134157 0.999534 1e+06 46.7572
31 4.35029e+06 0.137126 0.999329 1e+06 48.2556
32 4.33322e+06 0.140012 0.9996 1e+06 49.6457
33 4.31095e+06 0.143433 0.999122 1e+06 51.1458
34 4.29167e+06 0.146201 0.998972 1e+06 52.5746
35 4.2736e+06 0.149155 0.999272 1e+06 53.9329
36 4.25777e+06 0.151802 0.999423 1e+06 55.3178
37 4.23329e+06 0.15451 0.999278 1e+06 56.7233
38 4.21391e+06 0.157917 0.999098 1e+06 58.1498
39 4.19306e+06 0.160884 0.999284 1e+06 59.4983
40 4.17613e+06 0.163733 0.998891 1e+06 60.8652
41 4.15756e+06 0.167066 0.999255 1e+06 62.1897
42 4.13969e+06 0.169232 0.999096 1e+06 63.5082
43 4.11902e+06 0.172153 0.998795 1e+06 64.9084
44 4.10756e+06 0.174541 0.998847 1e+06 66.0652
45 4.09411e+06 0.176899 0.998865 1e+06 67.3341
46 4.06888e+06 0.179995 0.999222 1e+06 68.6295
47 4.05253e+06 0.18267 0.998843 1e+06 69.9315
48 4.04583e+06 0.185127 0.998984 1e+06 71.0359
49 4.03218e+06 0.187564 0.999018 1e+06 72.2404
50 4.01169e+06 0.189406 0.99935 1e+06 73.4209
