2 610401 2.95911e-07 0.999936 200000 0.00204898
3 1.10344e+06 5.28077e-06 0.999712 200000 0.00241201
4 1.43586e+06 1.84717e-05 0.999906 200000 0.0025009
5 1.7808e+06 4.33148e-05 0.999841 200000 0.00264427
6 2.10967e+06 8.49582e-05 0.99991 200000 0.0027991
7 2.44574e+06 0.00016282 0.999845 200000 0.00303543
8 2.75173e+06 0.000269204 0.999911 200000 0.00328207
9 3.0334e+06 0.0004063 0.999939 200000 0.00355578
10 3.30262e+06 0.000603822 0.999943 200000 0.00385837
11 3.57669e+06 0.000890927 0.999884 200000 0.00430167
12 3.81266e+06 0.00128554 0.999908 200000 0.00478925
13 4.05097e+06 0.00188073 0.99996 200000 0.00548953
14 4.27577e+06 0.00274915 0.999854 200000 0.00647086
15 4.48397e+06 0.00413988 0.999795 200000 0.00765371
16 5.52776e+06 0.00456329 0.959781 200000 0.0401548
17 5.81635e+06 0.00354735 0.956008 200000 0.0563991
18 5.81127e+06 0.00422401 0.982275 200000 0.0586265
19 5.85726e+06 0.00376367 0.984181 200000 0.060644
20 5.85441e+06 0.00440619 0.985712 200000 0.0600883
21 5.79743e+06 0.00583188 0.989509 200000 0.0599797
22 5.77433e+06 0.00671115 0.996166 200000 0.0594591
23 5.70514e+06 0.00868777 0.995695 200000 0.0593896
24 5.68761e+06 0.0099841 0.998217 200000 0.0587918
25 5.63661e+06 0.011721 0.998441 200000 0.058424
26 5.61878e+06 0.0128009 0.99843 200000 0.058604
27 5.61183e+06 0.0132805 0.998606 200000 0.0588051
28 5.55229e+06 0.0160357 0.999373 200000 0.0580424
29 5.53403e+06 0.0168571 0.999208 200000 0.0586218
30 5.54615e+06 0.0170601 0.99924 200000 0.0588446
31 5.50671e+06 0.0181946 0.999525 200000 0.0592188
32 5.52521e+06 0.018404 0.999279 200000 0.0595921
33 5.50661e+06 0.0196965 0.999731 200000 0.0599809
34 5.50133e+06 0.0198786 0.999473 200000 0.0610105
35 5.50575e+06 0.0198241 0.999664 200000 0.0618555
36 5.54155e+06 0.0187393 0.999534 200000 0.0629206
37 5.52954e+06 0.0191802 0.999635 200000 0.0644123
38 5.53172e+06 0.0198401 0.999283 200000 0.0661988
39 5.55054e+06 0.0189504 0.99969 200000 0.0673644
40 5.5837e+06 0.0179197 0.999336 200000 0.0685522
41 5.57981e+06 0.0180471 0.999533 200000 0.0723447
42 5.60439e+06 0.0170807 0.999364 200000 0.0754379
43 5.62999e+06 0.0157485 0.999238 200000 0.0757
44 5.66074e+06 0.014785 0.999397 200000 0.0804547
45 5.67031e+06 0.0149797 0.999193 200000 0.0894087
46 5.70715e+06 0.0133457 0.999527 200000 0.0909477
47 5.73693e+06 0.0122718 0.999587 200000 0.0974839
48 5.79241e+06 0.0103791 0.999286 200000 0.103576
49 5.81554e+06 0.00967758 0.999517 200000 0.123916
50 5.82992e+06 0.00893777 0.99959 200000 0.126747
