2 756810 1.63468e-05 1 200000 0.00316274
3 1.11573e+06 5.38495e-05 0.999977 200000 0.00466559
4 1.45077e+06 0.000110836 0.999909 200000 0.00608687
5 1.83042e+06 0.000218806 0.999893 200000 0.00843274
6 2.13388e+06 0.00033957 0.999901 200000 0.0100106
7 2.45776e+06 0.000536058 0.999925 200000 0.0122415
8 2.77874e+06 0.000821033 0.999971 200000 0.0160285
9 3.03609e+06 0.00110303 0.999932 200000 0.0170766
10 3.29341e+06 0.0015823 0.999849 200000 0.0211263
11 3.53129e+06 0.00210095 0.999965 200000 0.0234937
12 3.78547e+06 0.00292975 0.999966 200000 0.0273573
13 4.00507e+06 0.00405121 0.999921 200000 0.0336577
14 4.21654e+06 0.00568456 0.999943 200000 0.0403053
15 4.38083e+06 0.00800506 0.999917 200000 0.0483241
16 4.53877e+06 0.0112848 0.999963 200000 0.0574613
17 4.66715e+06 0.0167419 0.999961 200000 0.0755981
18 4.77155e+06 0.0280611 0.99997 200000 0.0995671
19 4.81435e+06 0.0469763 0.99993 200000 0.151042
20 4.78965e+06 0.0724067 0.99994 200000 0.254221
21 4.70675e+06 0.0902969 0.999907 200000 0.549694
22 4.62626e+06 0.099903 0.999875 200000 1.20515
23 4.55175e+06 0.108706 0.99978 200000 6.91843
24 4.52111e+06 0.113012 0.99957 200000 14.3334
25 4.49273e+06 0.11709 0.999594 200000 22.8035
26 4.46308e+06 0.120625 0.999727 200000 28.3313
27 4.44568e+06 0.123779 0.999456 200000 31.8474
28 4.42297e+06 0.127092 0.999401 200000 34.8464
29 4.39846e+06 0.130427 0.999555 200000 37.4447
30 4.3725e+06 0.133884 0.998914 200000 39.4333
31 4.35147e+06 0.137086 0.999267 200000 41.3628
32 4.32761e+06 0.140775 0.999182 200000 43.3755
33 4.31037e+06 0.143292 0.999397 200000 44.9092
34 4.28646e+06 0.146345 0.999167 200000 46.5895
35 4.26624e+06 0.149803 0.999402 200000 48.2649
36 4.24907e+06 0.152908 0.998804 200000 49.8802
37 4.22582e+06 0.155971 0.998987 200000 51.3603
38 4.2155e+06 0.158036 0.998588 200000 52.7001
39 4.19723e+06 0.160778 0.999236 200000 54.1565
40 4.17715e+06 0.163885 0.999188 200000 55.6361
41 4.15782e+06 0.166419 0.999066 200000 56.9772
42 4.13894e+06 0.169389 0.99879 200000 58.4291
43 4.12277e+06 0.17218 0.998952 200000 59.6491
44 4.1084e+06 0.174812 0.998957 200000 61.0171
45 4.09004e+06 0.177734 0.99842 200000 62.2819
46 4.08603e+06 0.179679 0.998884 200000 63.4546
47 4.05454e+06 0.182552 0.999165 200000 64.8535
48 4.04304e+06 0.18505 0.998377 200000 66.126
49 4.02781e+06 0.187416 0.998879 200000 67.296
50 4.01006e+06 0.190056 0.999133 200000 68.4897
