2 610110 9.14647e-07 0.999997 200000 0.00205063
3 1.11595e+06 9.46835e-06 0.9998 200000 0.00244602
4 1.4331e+06 3.61181e-05 0.999923 200000 0.00253786
5 1.76612e+06 8.495e-05 0.999883 200000 0.00271358
6 2.11801e+06 0.000173839 0.999956 200000 0.00295964
7 2.4124e+06 0.000311312 0.999946 200000 0.00321482
8 2.71845e+06 0.00054234 0.999889 200000 0.00359956
9 2.98626e+06 0.00086529 0.999756 200000 0.00403562
10 3.2644e+06 0.00135974 0.999836 200000 0.00467395
11 3.50137e+06 0.00203106 0.999752 200000 0.00535932
12 3.7162e+06 0.00299377 0.99994 200000 0.0062028
13 3.8938e+06 0.00450063 0.999946 200000 0.00730589
14 4.06602e+06 0.0069569 0.99991 200000 0.00898848
15 4.22091e+06 0.011165 0.999628 200000 0.0114184
16 4.62766e+06 0.0190648 0.966161 200000 0.0210626
17 5.39552e+06 0.0130148 0.903145 200000 0.0470143
18 5.42942e+06 0.0145856 0.93588 200000 0.0499735
19 5.42048e+06 0.01554 0.97596 200000 0.0504939
20 5.44387e+06 0.0161791 0.978285 200000 0.0515677
21 5.34567e+06 0.0207958 0.987694 200000 0.0505676
22 5.36157e+06 0.0208322 0.988785 200000 0.0520156
23 5.26592e+06 0.0262587 0.99506 200000 0.0508144
24 5.27564e+06 0.0266121 0.997533 200000 0.0522582
25 5.26428e+06 0.0290435 0.9972 200000 0.0524372
26 5.20941e+06 0.0327356 0.998437 200000 0.0527356
27 5.21857e+06 0.0324223 0.997477 200000 0.0536817
28 5.1899e+06 0.0360137 0.999655 200000 0.0537787
29 5.12706e+06 0.0397551 0.999246 200000 0.0545642
30 5.1483e+06 0.0395958 0.998814 200000 0.0557272
31 5.14197e+06 0.0408765 0.999476 200000 0.0562442
32 5.14435e+06 0.0415303 0.999351 200000 0.0572231
33 5.18205e+06 0.0398795 0.999563 200000 0.0590797
34 5.20182e+06 0.040335 0.999312 200000 0.0602419
35 5.19811e+06 0.0394078 0.999422 200000 0.0635097
36 5.2441e+06 0.0375917 0.999469 200000 0.0646475
37 5.26016e+06 0.0375544 0.999418 200000 0.0669356
38 5.31197e+06 0.0350235 0.999661 200000 0.0675755
39 5.29539e+06 0.0359819 0.999165 200000 0.0756005
40 5.31603e+06 0.0355779 0.999517 200000 0.0745116
41 5.35745e+06 0.0334319 0.999575 200000 0.0832045
42 5.37596e+06 0.0328671 0.999269 200000 0.0897107
43 5.41361e+06 0.0309446 0.999521 200000 0.0944138
44 5.47213e+06 0.0279439 0.999345 200000 0.105543
45 5.51787e+06 0.0259257 0.999444 200000 0.11202
46 5.5684e+06 0.0230902 0.999286 200000 0.13786
47 5.57902e+06 0.0225751 0.999205 200000 0.156106
48 5.64446e+06 0.0192671 0.99942 200000 0.167792
49 5.68438e+06 0.0172569 0.999273 200000 0.202419
50 5.74625e+06 0.0146883 0.999572 200000 0.213652
