2 5.53206e+06 2.09782e-05 0.999792 5.5e+06 0.0334902
3 5.76711e+06 8.83863e-07 1 5.5e+06 0.734703
4 5.85205e+06 7.09153e-07 1 5.5e+06 0.622516
5 5.93854e+06 6.80681e-07 1 5.5e+06 1.1948
6 5.99576e+06 2.04178e-06 1 5.5e+06 1.50118
7 6.04051e+06 1.61465e-06 1 5.5e+06 1.91088
8 6.08864e+06 0 1 5.5e+06 2.64182
9 6.05414e+06 4.73201e-06 1 5.5e+06 1.67897
10 6.09766e+06 3.34062e-06 1 5.5e+06 2.66888
11 6.07043e+06 9.63862e-06 1 5.5e+06 1.43163
12 6.10928e+06 1.20566e-05 1 5.5e+06 2.54947
13 6.10501e+06 9.77987e-06 1 5.5e+06 2.32115
14 6.11111e+06 1.40061e-05 1 5.5e+06 2.41937
15 6.11794e+06 1.44428e-05 1 5.5e+06 2.52568
16 6.12037e+06 1.5612e-05 1 5.5e+06 2.58254
17 6.1208e+06 1.58593e-05 1 5.5e+06 2.51627
18 6.12802e+06 1.81829e-05 1 5.5e+06 2.65921
19 6.12214e+06 3.38202e-05 0.999999 5.5e+06 2.08826
20 6.12731e+06 4.25372e-05 1 5.5e+06 2.34059
21 6.1258e+06 7.47243e-05 0.999999 5.5e+06 1.84882
22 6.14103e+06 3.73955e-05 1 5.5e+06 3.08644
23 6.13673e+06 4.92443e-05 1 5.5e+06 2.51306
24 6.13461e+06 6.58691e-05 0.999998 5.5e+06 2.22042
25 6.13371e+06 7.66442e-05 0.999998 5.5e+06 2.03397
26 6.13976e+06 0.00010828 0.999999 5.5e+06 2.69739
27 6.13765e+06 6.47381e-05 0.999999 5.5e+06 2.11284
28 6.14572e+06 0.00011803 0.999999 5.5e+06 3.00194
29 6.14521e+06 7.83577e-05 0.999999 5.5e+06 2.77341
30 6.14051e+06 0.000102114 0.999999 5.5e+06 2.06088
31 6.14321e+06 7.87743e-05 0.999998 5.5e+06 2.16149
32 6.14853e+06 7.3527e-05 0.999999 5.5e+06 2.81532
33 6.15125e+06 7.24075e-05 1 5.5e+06 3.20161
34 6.14746e+06 6.85002e-05 0.999999 5.5e+06 2.52237
35 6.14639e+06 0.0001726 0.999997 5.5e+06 2.35625
36 6.1511e+06 9.97435e-05 0.999998 5.5e+06 2.84639
37 6.1445e+06 0.000128585 0.999998 5.5e+06 1.87835
38 6.15034e+06 0.000123082 0.999998 5.5e+06 2.68608
39 6.15274e+06 0.00011855 0.999998 5.5e+06 2.93309
40 6.15441e+06 0.00011764 0.999999 5.5e+06 3.00578
41 6.15282e+06 0.000149078 0.999998 5.5e+06 2.82793
42 6.1526e+06 0.000158797 0.999998 5.5e+06 2.70374
43 6.15218e+06 0.000147605 0.999994 5.5e+06 2.44771
44 6.15141e+06 0.000197378 0.999991 5.5e+06 2.38205
45 6.15481e+06 0.000194197 0.999993 5.5e+06 2.92047
46 6.15161e+06 0.000172129 0.999992 5.5e+06 2.19345
47 6.15438e+06 0.000164384 0.999993 5.5e+06 2.62267
48 6.15675e+06 0.00013045 0.999999 5.5e+06 2.91325
49 6.15757e+06 0.000180641 0.999997 5.5e+06 3.00967
50 6.1578e+06 0.000156225 0.999998 5.5e+06 2.97606
