2 5.53276e+06 3.25868e-05 0.999592 5.5e+06 0.0386701
3 5.76709e+06 8.31888e-07 1 5.5e+06 0.734573
4 5.88623e+06 1.78056e-06 1 5.5e+06 1.05434
5 5.93851e+06 1.36137e-06 1 5.5e+06 1.19482
6 5.99575e+06 2.06089e-06 1 5.5e+06 1.5012
7 6.05006e+06 1.92376e-06 1 5.5e+06 2.11845
8 6.08864e+06 0 1 5.5e+06 2.64182
9 6.07351e+06 4.00924e-06 1 5.5e+06 2.15541
10 6.08678e+06 3.1907e-05 1 5.5e+06 2.06676
11 6.11956e+06 8.36447e-06 1 5.5e+06 3.06805
12 6.11694e+06 9.56636e-06 1 5.5e+06 2.89168
13 6.12733e+06 2.70677e-05 1 5.5e+06 3.06138
14 6.13184e+06 9.7764e-05 1 5.5e+06 3.14975
15 6.14274e+06 0.000107355 0.999997 5.5e+06 3.37266
16 6.14378e+06 9.96648e-05 1 5.5e+06 3.43946
17 6.1441e+06 2.49087e-05 1 5.5e+06 3.54432
18 6.13653e+06 9.09321e-05 0.999999 5.5e+06 2.92011
19 6.14445e+06 8.56762e-05 1 5.5e+06 3.06276
20 6.15328e+06 2.75985e-05 1 5.5e+06 4.03179
21 6.15433e+06 0.000125493 0.960194 5.5e+06 3.56944
22 6.14908e+06 0.000101883 0.999998 5.5e+06 3.36089
23 6.14891e+06 5.40932e-05 1 5.5e+06 3.45011
24 6.15385e+06 0.000229141 0.999998 5.5e+06 3.73768
25 6.15395e+06 0.00115168 0.999967 5.5e+06 4.07904
26 6.15423e+06 0.000207719 0.999994 5.5e+06 3.67325
27 6.15403e+06 0.000276058 0.999992 5.5e+06 3.65436
28 6.15366e+06 0.00020526 0.999997 5.5e+06 3.66345
29 6.16473e+06 0.000153313 0.999999 5.5e+06 4.3754
30 6.16145e+06 0.00184725 0.999912 5.5e+06 4.78879
31 6.16031e+06 0.000197808 0.999997 5.5e+06 3.9927
32 6.16097e+06 0.000623757 0.999991 5.5e+06 3.90528
33 6.16356e+06 0.000255109 0.999998 5.5e+06 4.39931
34 6.1602e+06 0.000536186 0.999992 5.5e+06 4.12476
35 6.16658e+06 0.000367031 0.999991 5.5e+06 4.85156
36 6.16285e+06 0.00129886 0.999911 5.5e+06 4.6925
37 6.16215e+06 0.000748175 0.999987 5.5e+06 4.54309
38 6.1592e+06 0.000409846 0.99999 5.5e+06 3.78453
39 6.16527e+06 0.00045083 0.999982 5.5e+06 4.17273
40 6.15773e+06 0.000992892 0.999975 5.5e+06 4.2759
41 6.16253e+06 0.000306047 0.999995 5.5e+06 4.12095
42 6.16176e+06 0.000920108 0.999965 5.5e+06 4.50976
43 6.16112e+06 0.000491814 0.999992 5.5e+06 3.84556
44 6.1594e+06 0.00131862 0.999964 5.5e+06 4.17638
45 6.15816e+06 0.000797636 0.999978 5.5e+06 3.82728
46 6.16479e+06 0.000570328 0.999964 5.5e+06 4.66254
47 6.15859e+06 0.000922297 0.999906 5.5e+06 4.55893
48 6.16509e+06 0.000701123 0.999981 5.5e+06 4.86512
49 6.15827e+06 0.00154958 0.999917 5.5e+06 4.88601
50 6.16205e+06 0.000775891 0.999983 5.5e+06 4.3278
