2 5.34479e+06 0.00335583 0.999995 5.5e+06 3.02657
3 5.38169e+06 0.00854116 0.999999 5.5e+06 4.49281
4 5.34578e+06 0.0147053 0.999992 5.5e+06 6.00425
5 5.29383e+06 0.0209657 0.999979 5.5e+06 7.54511
6 5.23222e+06 0.0273503 0.999959 5.5e+06 9.11657
7 5.17295e+06 0.0337992 0.999939 5.5e+06 10.7043
8 5.1139e+06 0.0399992 0.999915 5.5e+06 12.311
9 5.05851e+06 0.0458984 0.999923 5.5e+06 13.9279
10 5.01068e+06 0.0514696 0.999817 5.5e+06 15.5387
11 4.96463e+06 0.0569696 0.999763 5.5e+06 17.1636
12 4.91757e+06 0.0621162 0.999802 5.5e+06 18.7917
13 4.87702e+06 0.0670232 0.999819 5.5e+06 20.4113
14 4.83537e+06 0.0721637 0.999682 5.5e+06 22.0439
15 4.79241e+06 0.0770524 0.999867 5.5e+06 23.6813
16 4.76251e+06 0.0814245 0.999823 5.5e+06 25.2824
17 4.72373e+06 0.0854124 0.999863 5.5e+06 26.9163
18 4.6937e+06 0.0898931 0.999572 5.5e+06 28.5159
19 4.66372e+06 0.0936146 0.999693 5.5e+06 30.1005
20 4.62537e+06 0.0982883 0.999525 5.5e+06 31.7452
21 4.59965e+06 0.102235 0.999484 5.5e+06 33.314
22 4.56756e+06 0.106177 0.99957 5.5e+06 34.9284
23 4.54476e+06 0.10981 0.999735 5.5e+06 36.459
24 4.51607e+06 0.113519 0.999493 5.5e+06 38.0266
25 4.48805e+06 0.117174 0.999432 5.5e+06 39.5863
26 4.46748e+06 0.120091 0.999405 5.5e+06 41.1163
27 4.44461e+06 0.123635 0.999164 5.5e+06 42.6276
28 4.42256e+06 0.126909 0.999057 5.5e+06 44.1493
29 4.39361e+06 0.131145 0.999034 5.5e+06 45.7063
30 4.3674e+06 0.134057 0.999371 5.5e+06 47.2189
31 4.3488e+06 0.137082 0.999172 5.5e+06 48.6628
32 4.33008e+06 0.140731 0.99913 5.5e+06 50.1201
33 4.30716e+06 0.143251 0.999354 5.5e+06 51.6049
34 4.28993e+06 0.146186 0.999238 5.5e+06 52.9874
35 4.26201e+06 0.149886 0.999231 5.5e+06 54.517
36 4.25282e+06 0.152082 0.999293 5.5e+06 55.8318
37 4.23008e+06 0.155676 0.999359 5.5e+06 57.2331
38 4.21074e+06 0.157981 0.999329 5.5e+06 58.656
39 4.19918e+06 0.161029 0.99921 5.5e+06 59.9961
40 4.18184e+06 0.163606 0.998982 5.5e+06 61.3188
41 4.16127e+06 0.16653 0.999084 5.5e+06 62.6605
42 4.14048e+06 0.169378 0.998503 5.5e+06 64.0834
43 4.12508e+06 0.17168 0.99926 5.5e+06 65.3868
44 4.10338e+06 0.174497 0.998936 5.5e+06 66.6706
45 4.08983e+06 0.177095 0.998891 5.5e+06 67.9363
46 4.07604e+06 0.180134 0.999109 5.5e+06 69.1894
47 4.05628e+06 0.182798 0.998953 5.5e+06 70.45
48 4.04363e+06 0.184868 0.998963 5.5e+06 71.6628
49 4.02887e+06 0.187084 0.998729 5.5e+06 72.8413
50 4.01159e+06 0.189614 0.998728 5.5e+06 74.044
