2 610401 2.95911e-07 0.999936 200000 0.00204898
3 1.10344e+06 5.28077e-06 0.999712 200000 0.00241201
4 1.43586e+06 1.84717e-05 0.999906 200000 0.0025009
5 1.7808e+06 4.33148e-05 0.999841 200000 0.00264427
6 2.10967e+06 8.49582e-05 0.99991 200000 0.0027991
7 2.44574e+06 0.00016282 0.999845 200000 0.00303543
8 2.75173e+06 0.000269204 0.999911 200000 0.00328207
9 3.0334e+06 0.0004063 0.999939 200000 0.00355578
10 3.30262e+06 0.000603822 0.999943 200000 0.00385837
11 3.57669e+06 0.000890927 0.999884 200000 0.00430167
12 3.81266e+06 0.00128554 0.999908 200000 0.00478925
13 4.05097e+06 0.00188073 0.99996 200000 0.00548953
14 4.27577e+06 0.00274915 0.999854 200000 0.00647086
15 4.48397e+06 0.00413988 0.999795 200000 0.00765371
16 5.52776e+06 0.00456329 0.959781 200000 0.0401548
17 5.81635e+06 0.00354735 0.956008 200000 0.0563991
18 5.81127e+06 0.00422401 0.982275 200000 0.0586265
19 5.85726e+06 0.00376367 0.984181 200000 0.060644
20 5.85441e+06 0.00440619 0.985712 200000 0.0600883
21 5.79743e+06 0.00583188 0.989509 200000 0.0599797
22 5.77433e+06 0.00671115 0.996166 200000 0.0594591
23 5.70514e+06 0.00868777 0.995695 200000 0.0593896
24 5.68761e+06 0.0099841 0.998217 200000 0.0587918
25 5.63661e+06 0.011721 0.998441 200000 0.058424
26 5.61878e+06 0.0128009 0.99843 200000 0.058604
27 5.61183e+06 0.0132805 0.998606 200000 0.0588051
28 5.55229e+06 0.0160357 0.999373 200000 0.0580424
29 5.53403e+06 0.0168571 0.999208 200000 0.0586218
30 5.54615e+06 0.0170601 0.99924 200000 0.0588446
31 5.50671e+06 0.0181946 0.999525 200000 0.0592188
32 5.52521e+06 0.018404 0.999279 200000 0.0595921
33 5.50661e+06 0.0196965 0.999731 200000 0.0599809
34 5.50133e+06 0.0198786 0.999473 200000 0.0610105
35 5.50575e+06 0.0198241 0.999664 200000 0.0618555
36 5.54155e+06 0.0187393 0.999534 200000 0.0629206
37 5.52954e+06 0.0191802 0.999635 200000 0.0644123
38 5.53172e+06 0.0198401 0.999283 200000 0.0661988
39 5.55054e+06 0.0189504 0.99969 200000 0.0673644
40 5.5837e+06 0.0179197 0.999336 200000 0.0685522
41 5.57981e+06 0.0180471 0.999533 200000 0.0723447
42 5.60439e+06 0.0170807 0.999364 200000 0.0754379
43 5.62999e+06 0.0157485 0.999238 200000 0.0757
44 5.66074e+06 0.014785 0.999397 200000 0.0804547
45 5.67031e+06 0.0149797 0.999193 200000 0.0894087
46 5.70715e+06 0.0133457 0.999527 200000 0.0909477
47 5.73693e+06 0.0122718 0.999587 200000 0.0974839
48 5.79241e+06 0.0103791 0.999286 200000 0.103576
49 5.81554e+06 0.00967758 0.999517 200000 0.123916
50 5.82992e+06 0.00893777 0.99959 200000 0.126747

2 2.748e+06 1.47806e-05 0.999998 1e+06 0.00204959
3 3.7526e+06 0.000571093 0.999994 1e+06 0.00258375
4 5.14915e+06 0.00200207 0.977906 1e+06 0.00800707
5 5.32302e+06 0.003939 0.993385 1e+06 0.00899063
6 5.36943e+06 0.00653852 0.999697 1e+06 0.0099583
7 5.55153e+06 0.00621814 0.99471 1e+06 0.0193107
8 5.62605e+06 0.00583848 0.99963 1e+06 0.016331
9 5.74262e+06 0.00419591 0.999685 1e+06 0.0183218
10 5.92257e+06 0.00147599 0.999843 1e+06 0.0444924
11 6.03185e+06 0.000250998 0.999956 1e+06 0.20001
12 6.06063e+06 4.58214e-05 0.999997 1e+06 0.245419
13 6.06532e+06 0.000130658 0.999635 1e+06 0.27749
14 6.08397e+06 2.31905e-05 0.999999 1e+06 0.873306
15 6.0925e+06 2.39517e-05 1 1e+06 1.0902
16 6.1009e+06 1.53532e-05 1 1e+06 1.32427
17 6.11154e+06 2.27365e-05 1 1e+06 1.80712
18 6.11459e+06 3.3014e-05 1 1e+06 1.74074
19 6.12482e+06 2.78824e-05 1 1e+06 2.3067
20 6.12337e+06 4.58676e-05 1 1e+06 1.97307
21 6.12859e+06 3.54873e-05 1 1e+06 2.1676
22 6.13569e+06 3.69548e-05 1 1e+06 2.7451
23 6.1343e+06 3.63934e-05 1 1e+06 2.45494
24 6.13685e+06 3.63234e-05 1 1e+06 2.58679
25 6.13972e+06 3.94343e-05 1 1e+06 2.66421
26 6.13611e+06 4.06579e-05 1 1e+06 2.1069
27 6.14096e+06 5.34633e-05 0.999999 1e+06 2.53894
28 6.13729e+06 0.000101021 0.999997 1e+06 1.86662
29 6.13762e+06 9.90499e-05 0.999996 1e+06 1.94883
30 6.14775e+06 9.72822e-05 0.999999 1e+06 3.00132
31 6.14035e+06 0.000102299 0.999998 1e+06 2.04399
32 6.14701e+06 0.000107369 0.999999 1e+06 2.64318
33 6.14428e+06 8.30924e-05 0.999998 1e+06 2.18737
34 6.14798e+06 0.000109161 0.999998 1e+06 2.5671
35 6.15401e+06 8.87984e-05 1 1e+06 3.34353
36 6.1443e+06 0.000149626 0.999997 1e+06 1.93854
37 6.14988e+06 0.000173125 0.999997 1e+06 2.63397
38 6.14722e+06 0.000140501 0.999998 1e+06 2.20977
39 6.14829e+06 0.000147062 0.999997 1e+06 2.19926
40 6.15357e+06 0.000100225 0.999999 1e+06 2.8832
41 6.15118e+06 0.000184657 0.999998 1e+06 2.54194
42 6.15173e+06 0.000120379 0.999999 1e+06 2.47161
43 6.14807e+06 0.000189456 0.999994 1e+06 2.04651
44 6.15165e+06 0.000187833 0.999997 1e+06 2.44233
45 6.15109e+06 0.000239174 0.999991 1e+06 2.39867
46 6.15454e+06 0.000134715 0.999998 1e+06 2.63435
47 6.15702e+06 0.00016434 0.999998 1e+06 3.02363
48 6.15172e+06 0.000239467 0.999995 1e+06 2.28616
49 6.15319e+06 0.000210513 0.999994 1e+06 2.44556
50 6.15797e+06 0.000204108 0.999997 1e+06 3.18395

2 5.53206e+06 2.09782e-05 0.999792 5.5e+06 0.0334902
3 5.76711e+06 8.83863e-07 1 5.5e+06 0.734703
4 5.85205e+06 7.09153e-07 1 5.5e+06 0.622516
5 5.93854e+06 6.80681e-07 1 5.5e+06 1.1948
6 5.99576e+06 2.04178e-06 1 5.5e+06 1.50118
7 6.04051e+06 1.61465e-06 1 5.5e+06 1.91088
8 6.08864e+06 0 1 5.5e+06 2.64182
9 6.05414e+06 4.73201e-06 1 5.5e+06 1.67897
10 6.09766e+06 3.34062e-06 1 5.5e+06 2.66888
11 6.07043e+06 9.63862e-06 1 5.5e+06 1.43163
12 6.10928e+06 1.20566e-05 1 5.5e+06 2.54947
13 6.10501e+06 9.77987e-06 1 5.5e+06 2.32115
14 6.11111e+06 1.40061e-05 1 5.5e+06 2.41937
15 6.11794e+06 1.44428e-05 1 5.5e+06 2.52568
16 6.12037e+06 1.5612e-05 1 5.5e+06 2.58254
17 6.1208e+06 1.58593e-05 1 5.5e+06 2.51627
18 6.12802e+06 1.81829e-05 1 5.5e+06 2.65921
19 6.12214e+06 3.38202e-05 0.999999 5.5e+06 2.08826
20 6.12731e+06 4.25372e-05 1 5.5e+06 2.34059
21 6.1258e+06 7.47243e-05 0.999999 5.5e+06 1.84882
22 6.14103e+06 3.73955e-05 1 5.5e+06 3.08644
23 6.13673e+06 4.92443e-05 1 5.5e+06 2.51306
24 6.13461e+06 6.58691e-05 0.999998 5.5e+06 2.22042
25 6.13371e+06 7.66442e-05 0.999998 5.5e+06 2.03397
26 6.13976e+06 0.00010828 0.999999 5.5e+06 2.69739
27 6.13765e+06 6.47381e-05 0.999999 5.5e+06 2.11284
28 6.14572e+06 0.00011803 0.999999 5.5e+06 3.00194
29 6.14521e+06 7.83577e-05 0.999999 5.5e+06 2.77341
30 6.14051e+06 0.000102114 0.999999 5.5e+06 2.06088
31 6.14321e+06 7.87743e-05 0.999998 5.5e+06 2.16149
32 6.14853e+06 7.3527e-05 0.999999 5.5e+06 2.81532
33 6.15125e+06 7.24075e-05 1 5.5e+06 3.20161
34 6.14746e+06 6.85002e-05 0.999999 5.5e+06 2.52237
35 6.14639e+06 0.0001726 0.999997 5.5e+06 2.35625
36 6.1511e+06 9.97435e-05 0.999998 5.5e+06 2.84639
37 6.1445e+06 0.000128585 0.999998 5.5e+06 1.87835
38 6.15034e+06 0.000123082 0.999998 5.5e+06 2.68608
39 6.15274e+06 0.00011855 0.999998 5.5e+06 2.93309
40 6.15441e+06 0.00011764 0.999999 5.5e+06 3.00578
41 6.15282e+06 0.000149078 0.999998 5.5e+06 2.82793
42 6.1526e+06 0.000158797 0.999998 5.5e+06 2.70374
43 6.15218e+06 0.000147605 0.999994 5.5e+06 2.44771
44 6.15141e+06 0.000197378 0.999991 5.5e+06 2.38205
45 6.15481e+06 0.000194197 0.999993 5.5e+06 2.92047
46 6.15161e+06 0.000172129 0.999992 5.5e+06 2.19345
47 6.15438e+06 0.000164384 0.999993 5.5e+06 2.62267
48 6.15675e+06 0.00013045 0.999999 5.5e+06 2.91325
49 6.15757e+06 0.000180641 0.999997 5.5e+06 3.00967
50 6.1578e+06 0.000156225 0.999998 5.5e+06 2.97606

2 5.55216e+06 1.48138e-07 1 1.1e+07 0.523803
3 5.77392e+06 4.084e-07 1 1.1e+07 0.844678
4 5.91285e+06 0 1 1.1e+07 1.37227
5 5.94717e+06 8.98171e-07 1 1.1e+07 1.29037
6 6.01413e+06 8.93168e-07 1 1.1e+07 1.80397
7 6.03255e+06 2.24181e-06 1 1.1e+07 1.73421
8 6.04923e+06 2.9834e-06 1 1.1e+07 1.84835
9 6.05631e+06 2.68358e-05 1 1.1e+07 1.51102
10 6.08177e+06 5.12672e-06 1 1.1e+07 2.19317
11 6.13005e+06 1.66105e-06 1 1.1e+07 3.38029
12 6.08759e+06 1.32983e-05 1 1.1e+07 1.72836
13 6.14125e+06 6.60324e-06 1 1.1e+07 3.5862
14 6.11524e+06 1.11955e-05 1 1.1e+07 2.62681
15 6.11812e+06 1.82566e-05 0.999999 1.1e+07 2.46804
16 6.12465e+06 1.68648e-05 1 1.1e+07 2.74251
17 6.12076e+06 1.83054e-05 1 1.1e+07 2.43077
18 6.12716e+06 1.99367e-05 1 1.1e+07 2.74252
19 6.13667e+06 1.95797e-05 1 1.1e+07 3.08199
20 6.13576e+06 3.37364e-05 1 1.1e+07 2.94057
21 6.12847e+06 3.03646e-05 1 1.1e+07 2.24584
22 6.13092e+06 7.10846e-05 0.999999 1.1e+07 2.34945
23 6.13759e+06 3.19023e-05 1 1.1e+07 2.7801
24 6.14388e+06 4.63464e-05 1 1.1e+07 3.18689
25 6.13862e+06 5.38055e-05 0.999998 1.1e+07 2.55939
26 6.1411e+06 7.18906e-05 1 1.1e+07 2.75326
27 6.13567e+06 4.94577e-05 0.999999 1.1e+07 1.88959
28 6.13829e+06 0.000135198 0.999995 1.1e+07 2.28125
29 6.14188e+06 9.49493e-05 0.999999 1.1e+07 2.41582
30 6.14741e+06 7.31736e-05 0.999999 1.1e+07 2.87543
31 6.14704e+06 6.5804e-05 0.999999 1.1e+07 2.73141
32 6.1492e+06 9.75922e-05 0.999999 1.1e+07 3.08233
33 6.15168e+06 9.46628e-05 0.999999 1.1e+07 3.20567
34 6.14854e+06 0.000101751 0.999999 1.1e+07 2.62864
35 6.15086e+06 7.35456e-05 1 1.1e+07 2.98408
36 6.14869e+06 0.000103466 0.999995 1.1e+07 2.55026
37 6.15104e+06 9.92757e-05 0.999999 1.1e+07 2.78206
38 6.15528e+06 9.55744e-05 1 1.1e+07 3.31387
39 6.15469e+06 9.07965e-05 0.999999 1.1e+07 3.20834
40 6.15033e+06 0.000177734 0.999996 1.1e+07 2.5081
41 6.15066e+06 0.000214437 0.999996 1.1e+07 2.59571
42 6.15099e+06 0.000105239 0.999998 1.1e+07 2.29821
43 6.14901e+06 0.000183512 0.999994 1.1e+07 2.1612
44 6.15377e+06 0.000160076 0.999998 1.1e+07 2.68651
45 6.15409e+06 0.000158355 0.999998 1.1e+07 2.67945
46 6.15375e+06 0.000143401 0.999998 1.1e+07 2.56274
47 6.15589e+06 0.000230074 0.999995 1.1e+07 3.01835
48 6.15483e+06 0.000223185 0.999993 1.1e+07 2.81231
49 6.1501e+06 0.000318036 0.999988 1.1e+07 2.29031
50 6.15539e+06 0.000178825 0.999995 1.1e+07 2.66042
