2 610110 9.14647e-07 0.999997 200000 0.00205063
3 1.11595e+06 9.46835e-06 0.9998 200000 0.00244602
4 1.4331e+06 3.61181e-05 0.999923 200000 0.00253786
5 1.76612e+06 8.495e-05 0.999883 200000 0.00271358
6 2.11801e+06 0.000173839 0.999956 200000 0.00295964
7 2.4124e+06 0.000311312 0.999946 200000 0.00321482
8 2.71845e+06 0.00054234 0.999889 200000 0.00359956
9 2.98626e+06 0.00086529 0.999756 200000 0.00403562
10 3.2644e+06 0.00135974 0.999836 200000 0.00467395
11 3.50137e+06 0.00203106 0.999752 200000 0.00535932
12 3.7162e+06 0.00299377 0.99994 200000 0.0062028
13 3.8938e+06 0.00450063 0.999946 200000 0.00730589
14 4.06602e+06 0.0069569 0.99991 200000 0.00898848
15 4.22091e+06 0.011165 0.999628 200000 0.0114184
16 4.62766e+06 0.0190648 0.966161 200000 0.0210626
17 5.39552e+06 0.0130148 0.903145 200000 0.0470143
18 5.42942e+06 0.0145856 0.93588 200000 0.0499735
19 5.42048e+06 0.01554 0.97596 200000 0.0504939
20 5.44387e+06 0.0161791 0.978285 200000 0.0515677
21 5.34567e+06 0.0207958 0.987694 200000 0.0505676
22 5.36157e+06 0.0208322 0.988785 200000 0.0520156
23 5.26592e+06 0.0262587 0.99506 200000 0.0508144
24 5.27564e+06 0.0266121 0.997533 200000 0.0522582
25 5.26428e+06 0.0290435 0.9972 200000 0.0524372
26 5.20941e+06 0.0327356 0.998437 200000 0.0527356
27 5.21857e+06 0.0324223 0.997477 200000 0.0536817
28 5.1899e+06 0.0360137 0.999655 200000 0.0537787
29 5.12706e+06 0.0397551 0.999246 200000 0.0545642
30 5.1483e+06 0.0395958 0.998814 200000 0.0557272
31 5.14197e+06 0.0408765 0.999476 200000 0.0562442
32 5.14435e+06 0.0415303 0.999351 200000 0.0572231
33 5.18205e+06 0.0398795 0.999563 200000 0.0590797
34 5.20182e+06 0.040335 0.999312 200000 0.0602419
35 5.19811e+06 0.0394078 0.999422 200000 0.0635097
36 5.2441e+06 0.0375917 0.999469 200000 0.0646475
37 5.26016e+06 0.0375544 0.999418 200000 0.0669356
38 5.31197e+06 0.0350235 0.999661 200000 0.0675755
39 5.29539e+06 0.0359819 0.999165 200000 0.0756005
40 5.31603e+06 0.0355779 0.999517 200000 0.0745116
41 5.35745e+06 0.0334319 0.999575 200000 0.0832045
42 5.37596e+06 0.0328671 0.999269 200000 0.0897107
43 5.41361e+06 0.0309446 0.999521 200000 0.0944138
44 5.47213e+06 0.0279439 0.999345 200000 0.105543
45 5.51787e+06 0.0259257 0.999444 200000 0.11202
46 5.5684e+06 0.0230902 0.999286 200000 0.13786
47 5.57902e+06 0.0225751 0.999205 200000 0.156106
48 5.64446e+06 0.0192671 0.99942 200000 0.167792
49 5.68438e+06 0.0172569 0.999273 200000 0.202419
50 5.74625e+06 0.0146883 0.999572 200000 0.213652

2 2.74036e+06 2.928e-05 0.999999 1e+06 0.0020536
3 3.64619e+06 0.00107592 0.999974 1e+06 0.00272725
4 4.19079e+06 0.00479068 0.999969 1e+06 0.00395547
5 4.59415e+06 0.0119491 0.998807 1e+06 0.00633637
6 4.83024e+06 0.0170856 0.999208 1e+06 0.013057
7 5.56249e+06 0.00604837 0.768527 1e+06 0.148034
8 5.9728e+06 0.00129424 0.396571 1e+06 0.448419
9 6.05274e+06 0.000972846 0.186126 1e+06 0.659176
10 6.05603e+06 0.000258194 0.657622 1e+06 0.437108
11 6.04922e+06 0.000372553 0.92041 1e+06 0.653025
12 6.03182e+06 0.000656229 0.999337 1e+06 0.548107
13 6.0415e+06 0.000687277 0.998598 1e+06 0.669758
14 6.07327e+06 0.000286213 0.997925 1e+06 0.739684
15 6.11538e+06 2.81686e-05 1 1e+06 2.55955
16 6.10468e+06 7.49991e-05 0.999998 1e+06 1.58508
17 6.12056e+06 6.30304e-05 1 1e+06 2.42393
18 6.13043e+06 4.98273e-05 1 1e+06 2.8796
19 6.12707e+06 6.53669e-05 1 1e+06 2.49551
20 6.13189e+06 7.56875e-05 1 1e+06 2.62283
21 6.14218e+06 9.46559e-05 1 1e+06 3.16075
22 6.14494e+06 0.000160969 0.999997 1e+06 3.23513
23 6.15151e+06 0.000232545 0.999998 1e+06 3.62313
24 6.14249e+06 7.35696e-05 1 1e+06 3.07853
25 6.152e+06 0.000121877 0.999999 1e+06 3.41328
26 6.15198e+06 0.00012356 0.999994 1e+06 3.38476
27 6.15567e+06 0.00032053 0.999992 1e+06 3.78483
28 6.15872e+06 0.000330937 0.999989 1e+06 3.91694
29 6.15613e+06 0.000263365 0.999995 1e+06 3.77176
30 6.1646e+06 0.00040789 0.999992 1e+06 4.33102
31 6.1595e+06 0.000246354 0.971438 1e+06 3.98413
32 6.15933e+06 0.000141052 0.999997 1e+06 3.99965
33 6.15248e+06 0.000223951 0.999998 1e+06 3.309
34 6.15967e+06 0.00119142 0.999923 1e+06 4.83212
35 6.16408e+06 0.000311875 0.999989 1e+06 4.31195
36 6.15796e+06 0.00022113 0.999989 1e+06 3.76825
37 6.15889e+06 0.000374017 0.999996 1e+06 3.88368
38 6.16314e+06 0.000453911 0.999985 1e+06 4.00264
39 6.15866e+06 0.00107857 0.999942 1e+06 4.07934
40 6.15874e+06 0.00039174 0.999986 1e+06 4.16583
41 6.1635e+06 0.000279281 0.999998 1e+06 4.34435
42 6.1636e+06 0.000442425 0.999984 1e+06 4.32425
43 6.1615e+06 0.000536696 0.999972 1e+06 3.84703
44 6.16308e+06 0.000327935 0.999992 1e+06 4.27732
45 6.16304e+06 0.000286174 0.999993 1e+06 4.33531
46 6.16017e+06 0.000929617 0.999977 1e+06 4.38345
47 6.1627e+06 0.000761569 0.980238 1e+06 4.18295
48 6.16424e+06 0.000647674 0.980631 1e+06 4.47447
49 6.1596e+06 0.00078639 0.980976 1e+06 3.9258
50 6.16593e+06 0.000484726 0.999984 1e+06 4.74198

2 5.53276e+06 3.25868e-05 0.999592 5.5e+06 0.0386701
3 5.76709e+06 8.31888e-07 1 5.5e+06 0.734573
4 5.88623e+06 1.78056e-06 1 5.5e+06 1.05434
5 5.93851e+06 1.36137e-06 1 5.5e+06 1.19482
6 5.99575e+06 2.06089e-06 1 5.5e+06 1.5012
7 6.05006e+06 1.92376e-06 1 5.5e+06 2.11845
8 6.08864e+06 0 1 5.5e+06 2.64182
9 6.07351e+06 4.00924e-06 1 5.5e+06 2.15541
10 6.08678e+06 3.1907e-05 1 5.5e+06 2.06676
11 6.11956e+06 8.36447e-06 1 5.5e+06 3.06805
12 6.11694e+06 9.56636e-06 1 5.5e+06 2.89168
13 6.12733e+06 2.70677e-05 1 5.5e+06 3.06138
14 6.13184e+06 9.7764e-05 1 5.5e+06 3.14975
15 6.14274e+06 0.000107355 0.999997 5.5e+06 3.37266
16 6.14378e+06 9.96648e-05 1 5.5e+06 3.43946
17 6.1441e+06 2.49087e-05 1 5.5e+06 3.54432
18 6.13653e+06 9.09321e-05 0.999999 5.5e+06 2.92011
19 6.14445e+06 8.56762e-05 1 5.5e+06 3.06276
20 6.15328e+06 2.75985e-05 1 5.5e+06 4.03179
21 6.15433e+06 0.000125493 0.960194 5.5e+06 3.56944
22 6.14908e+06 0.000101883 0.999998 5.5e+06 3.36089
23 6.14891e+06 5.40932e-05 1 5.5e+06 3.45011
24 6.15385e+06 0.000229141 0.999998 5.5e+06 3.73768
25 6.15395e+06 0.00115168 0.999967 5.5e+06 4.07904
26 6.15423e+06 0.000207719 0.999994 5.5e+06 3.67325
27 6.15403e+06 0.000276058 0.999992 5.5e+06 3.65436
28 6.15366e+06 0.00020526 0.999997 5.5e+06 3.66345
29 6.16473e+06 0.000153313 0.999999 5.5e+06 4.3754
30 6.16145e+06 0.00184725 0.999912 5.5e+06 4.78879
31 6.16031e+06 0.000197808 0.999997 5.5e+06 3.9927
32 6.16097e+06 0.000623757 0.999991 5.5e+06 3.90528
33 6.16356e+06 0.000255109 0.999998 5.5e+06 4.39931
34 6.1602e+06 0.000536186 0.999992 5.5e+06 4.12476
35 6.16658e+06 0.000367031 0.999991 5.5e+06 4.85156
36 6.16285e+06 0.00129886 0.999911 5.5e+06 4.6925
37 6.16215e+06 0.000748175 0.999987 5.5e+06 4.54309
38 6.1592e+06 0.000409846 0.99999 5.5e+06 3.78453
39 6.16527e+06 0.00045083 0.999982 5.5e+06 4.17273
40 6.15773e+06 0.000992892 0.999975 5.5e+06 4.2759
41 6.16253e+06 0.000306047 0.999995 5.5e+06 4.12095
42 6.16176e+06 0.000920108 0.999965 5.5e+06 4.50976
43 6.16112e+06 0.000491814 0.999992 5.5e+06 3.84556
44 6.1594e+06 0.00131862 0.999964 5.5e+06 4.17638
45 6.15816e+06 0.000797636 0.999978 5.5e+06 3.82728
46 6.16479e+06 0.000570328 0.999964 5.5e+06 4.66254
47 6.15859e+06 0.000922297 0.999906 5.5e+06 4.55893
48 6.16509e+06 0.000701123 0.999981 5.5e+06 4.86512
49 6.15827e+06 0.00154958 0.999917 5.5e+06 4.88601
50 6.16205e+06 0.000775891 0.999983 5.5e+06 4.3278

2 5.55215e+06 2.96275e-07 1 1.1e+07 0.523808
3 5.7739e+06 7.00119e-07 1 1.1e+07 0.844694
4 5.91285e+06 0 1 1.1e+07 1.37227
5 5.95581e+06 1.02233e-06 1 1.1e+07 1.38617
6 6.0215e+06 9.54222e-07 1 1.1e+07 1.90627
7 6.05007e+06 1.82513e-06 1 1.1e+07 2.12161
8 6.05334e+06 6.86583e-06 1 1.1e+07 1.85636
9 6.07999e+06 1.29954e-05 1 1.1e+07 2.0841
10 6.08737e+06 9.36426e-06 1 1.1e+07 2.19169
11 6.13422e+06 1.74536e-06 1 1.1e+07 3.48289
12 6.10247e+06 2.44784e-05 1 1.1e+07 2.11701
13 6.14481e+06 5.24409e-06 1 1.1e+07 3.80097
14 6.125e+06 1.74609e-05 1 1.1e+07 2.97092
15 6.14637e+06 3.81619e-05 1 1.1e+07 3.46966
16 6.13665e+06 3.98691e-05 1 1.1e+07 2.95221
17 6.14643e+06 7.97797e-05 1 1.1e+07 3.62654
18 6.14382e+06 0.00053846 0.999981 1.1e+07 3.64054
19 6.15937e+06 6.717e-05 1 1.1e+07 3.95197
20 6.15623e+06 0.000360068 0.999994 1.1e+07 3.60595
21 6.16293e+06 0.000505557 0.999991 1.1e+07 4.42367
22 6.15782e+06 0.000320872 0.999993 1.1e+07 3.90703
23 6.14843e+06 0.000140864 0.999997 1.1e+07 3.38347
24 6.16478e+06 0.000665743 0.999928 1.1e+07 4.54935
25 6.16089e+06 7.62284e-05 1 1.1e+07 4.16236
26 6.16e+06 0.000509863 0.999993 1.1e+07 4.1313
27 6.16012e+06 0.000406491 0.999989 1.1e+07 4.22875
28 6.15897e+06 0.000474773 0.999993 1.1e+07 3.59268
29 6.16011e+06 0.000429302 0.999983 1.1e+07 3.87129
30 6.16137e+06 0.000556332 0.999988 1.1e+07 3.88209
31 6.1599e+06 0.000304741 0.999996 1.1e+07 3.82536
32 6.16313e+06 0.000532839 0.999978 1.1e+07 4.104
33 6.16209e+06 0.000226991 0.999995 1.1e+07 4.20908
34 6.15757e+06 0.000255648 0.999994 1.1e+07 3.89754
35 6.15986e+06 0.000215032 0.999998 1.1e+07 3.85009
36 6.15914e+06 0.00122011 0.999966 1.1e+07 4.45752
37 6.16104e+06 0.000900423 0.999973 1.1e+07 4.22826
38 6.15928e+06 0.000353297 0.999991 1.1e+07 4.09185
39 6.16298e+06 0.000956769 0.999955 1.1e+07 4.61237
40 6.16326e+06 0.00074597 0.999976 1.1e+07 4.46376
41 6.16389e+06 0.000582234 0.999964 1.1e+07 4.228
42 6.16312e+06 0.000612071 0.999994 1.1e+07 4.48436
43 6.16381e+06 0.00047544 0.99999 1.1e+07 4.40395
44 6.16514e+06 0.000453022 0.999994 1.1e+07 4.53049
45 6.16539e+06 0.000522995 0.999982 1.1e+07 4.70788
46 6.16049e+06 0.000421285 0.999991 1.1e+07 3.96916
47 6.164e+06 0.000533159 0.999945 1.1e+07 4.76081
48 6.16378e+06 0.000428458 0.999993 1.1e+07 4.38296
49 6.16272e+06 0.000884744 0.999983 1.1e+07 4.92311
50 6.16137e+06 0.0011341 0.999954 1.1e+07 4.77565
