2 756810 1.63468e-05 1 200000 0.00316274
3 1.11573e+06 5.38495e-05 0.999977 200000 0.00466559
4 1.45077e+06 0.000110836 0.999909 200000 0.00608687
5 1.83042e+06 0.000218806 0.999893 200000 0.00843274
6 2.13388e+06 0.00033957 0.999901 200000 0.0100106
7 2.45776e+06 0.000536058 0.999925 200000 0.0122415
8 2.77874e+06 0.000821033 0.999971 200000 0.0160285
9 3.03609e+06 0.00110303 0.999932 200000 0.0170766
10 3.29341e+06 0.0015823 0.999849 200000 0.0211263
11 3.53129e+06 0.00210095 0.999965 200000 0.0234937
12 3.78547e+06 0.00292975 0.999966 200000 0.0273573
13 4.00507e+06 0.00405121 0.999921 200000 0.0336577
14 4.21654e+06 0.00568456 0.999943 200000 0.0403053
15 4.38083e+06 0.00800506 0.999917 200000 0.0483241
16 4.53877e+06 0.0112848 0.999963 200000 0.0574613
17 4.66715e+06 0.0167419 0.999961 200000 0.0755981
18 4.77155e+06 0.0280611 0.99997 200000 0.0995671
19 4.81435e+06 0.0469763 0.99993 200000 0.151042
20 4.78965e+06 0.0724067 0.99994 200000 0.254221
21 4.70675e+06 0.0902969 0.999907 200000 0.549694
22 4.62626e+06 0.099903 0.999875 200000 1.20515
23 4.55175e+06 0.108706 0.99978 200000 6.91843
24 4.52111e+06 0.113012 0.99957 200000 14.3334
25 4.49273e+06 0.11709 0.999594 200000 22.8035
26 4.46308e+06 0.120625 0.999727 200000 28.3313
27 4.44568e+06 0.123779 0.999456 200000 31.8474
28 4.42297e+06 0.127092 0.999401 200000 34.8464
29 4.39846e+06 0.130427 0.999555 200000 37.4447
30 4.3725e+06 0.133884 0.998914 200000 39.4333
31 4.35147e+06 0.137086 0.999267 200000 41.3628
32 4.32761e+06 0.140775 0.999182 200000 43.3755
33 4.31037e+06 0.143292 0.999397 200000 44.9092
34 4.28646e+06 0.146345 0.999167 200000 46.5895
35 4.26624e+06 0.149803 0.999402 200000 48.2649
36 4.24907e+06 0.152908 0.998804 200000 49.8802
37 4.22582e+06 0.155971 0.998987 200000 51.3603
38 4.2155e+06 0.158036 0.998588 200000 52.7001
39 4.19723e+06 0.160778 0.999236 200000 54.1565
40 4.17715e+06 0.163885 0.999188 200000 55.6361
41 4.15782e+06 0.166419 0.999066 200000 56.9772
42 4.13894e+06 0.169389 0.99879 200000 58.4291
43 4.12277e+06 0.17218 0.998952 200000 59.6491
44 4.1084e+06 0.174812 0.998957 200000 61.0171
45 4.09004e+06 0.177734 0.99842 200000 62.2819
46 4.08603e+06 0.179679 0.998884 200000 63.4546
47 4.05454e+06 0.182552 0.999165 200000 64.8535
48 4.04304e+06 0.18505 0.998377 200000 66.126
49 4.02781e+06 0.187416 0.998879 200000 67.296
50 4.01006e+06 0.190056 0.999133 200000 68.4897

2 2.31142e+06 5.28048e-05 0.999999 1e+06 0.00260967
3 3.41891e+06 0.000299523 0.999998 1e+06 0.00399934
4 4.41547e+06 0.00138776 0.999976 1e+06 0.00702409
5 5.22368e+06 0.0103999 0.999981 1e+06 0.0314339
6 5.23078e+06 0.0274409 0.999919 1e+06 8.45851
7 5.171e+06 0.0337922 0.999992 1e+06 10.3605
8 5.11536e+06 0.0398407 0.999957 1e+06 12.0171
9 5.05883e+06 0.0459093 0.999811 1e+06 13.665
10 5.01197e+06 0.0512354 0.999903 1e+06 15.2864
11 4.96628e+06 0.0568957 0.999792 1e+06 16.9088
12 4.91894e+06 0.0623228 0.999735 1e+06 18.5376
13 4.87597e+06 0.0673165 0.99989 1e+06 20.1646
14 4.83473e+06 0.0719068 0.999601 1e+06 21.7892
15 4.80018e+06 0.0768127 0.999633 1e+06 23.3967
16 4.76142e+06 0.0814176 0.999628 1e+06 25.0137
17 4.72327e+06 0.085787 0.99972 1e+06 26.641
18 4.68914e+06 0.0902917 0.999472 1e+06 28.2377
19 4.66024e+06 0.0943307 0.999573 1e+06 29.8257
20 4.62356e+06 0.0985659 0.999619 1e+06 31.4466
21 4.60105e+06 0.102306 0.99951 1e+06 32.9812
22 4.57417e+06 0.105941 0.999517 1e+06 34.5456
23 4.54413e+06 0.10987 0.99938 1e+06 36.1284
24 4.51948e+06 0.112928 0.999394 1e+06 37.6674
25 4.49478e+06 0.117346 0.999633 1e+06 39.2061
26 4.46905e+06 0.120289 0.999436 1e+06 40.7471
27 4.44088e+06 0.124201 0.999146 1e+06 42.2948
28 4.41928e+06 0.127534 0.999278 1e+06 43.7729
29 4.39972e+06 0.130474 0.999541 1e+06 45.233
30 4.37134e+06 0.134157 0.999534 1e+06 46.7572
31 4.35029e+06 0.137126 0.999329 1e+06 48.2556
32 4.33322e+06 0.140012 0.9996 1e+06 49.6457
33 4.31095e+06 0.143433 0.999122 1e+06 51.1458
34 4.29167e+06 0.146201 0.998972 1e+06 52.5746
35 4.2736e+06 0.149155 0.999272 1e+06 53.9329
36 4.25777e+06 0.151802 0.999423 1e+06 55.3178
37 4.23329e+06 0.15451 0.999278 1e+06 56.7233
38 4.21391e+06 0.157917 0.999098 1e+06 58.1498
39 4.19306e+06 0.160884 0.999284 1e+06 59.4983
40 4.17613e+06 0.163733 0.998891 1e+06 60.8652
41 4.15756e+06 0.167066 0.999255 1e+06 62.1897
42 4.13969e+06 0.169232 0.999096 1e+06 63.5082
43 4.11902e+06 0.172153 0.998795 1e+06 64.9084
44 4.10756e+06 0.174541 0.998847 1e+06 66.0652
45 4.09411e+06 0.176899 0.998865 1e+06 67.3341
46 4.06888e+06 0.179995 0.999222 1e+06 68.6295
47 4.05253e+06 0.18267 0.998843 1e+06 69.9315
48 4.04583e+06 0.185127 0.998984 1e+06 71.0359
49 4.03218e+06 0.187564 0.999018 1e+06 72.2404
50 4.01169e+06 0.189406 0.99935 1e+06 73.4209

2 5.34479e+06 0.00335583 0.999995 5.5e+06 3.02657
3 5.38169e+06 0.00854116 0.999999 5.5e+06 4.49281
4 5.34578e+06 0.0147053 0.999992 5.5e+06 6.00425
5 5.29383e+06 0.0209657 0.999979 5.5e+06 7.54511
6 5.23222e+06 0.0273503 0.999959 5.5e+06 9.11657
7 5.17295e+06 0.0337992 0.999939 5.5e+06 10.7043
8 5.1139e+06 0.0399992 0.999915 5.5e+06 12.311
9 5.05851e+06 0.0458984 0.999923 5.5e+06 13.9279
10 5.01068e+06 0.0514696 0.999817 5.5e+06 15.5387
11 4.96463e+06 0.0569696 0.999763 5.5e+06 17.1636
12 4.91757e+06 0.0621162 0.999802 5.5e+06 18.7917
13 4.87702e+06 0.0670232 0.999819 5.5e+06 20.4113
14 4.83537e+06 0.0721637 0.999682 5.5e+06 22.0439
15 4.79241e+06 0.0770524 0.999867 5.5e+06 23.6813
16 4.76251e+06 0.0814245 0.999823 5.5e+06 25.2824
17 4.72373e+06 0.0854124 0.999863 5.5e+06 26.9163
18 4.6937e+06 0.0898931 0.999572 5.5e+06 28.5159
19 4.66372e+06 0.0936146 0.999693 5.5e+06 30.1005
20 4.62537e+06 0.0982883 0.999525 5.5e+06 31.7452
21 4.59965e+06 0.102235 0.999484 5.5e+06 33.314
22 4.56756e+06 0.106177 0.99957 5.5e+06 34.9284
23 4.54476e+06 0.10981 0.999735 5.5e+06 36.459
24 4.51607e+06 0.113519 0.999493 5.5e+06 38.0266
25 4.48805e+06 0.117174 0.999432 5.5e+06 39.5863
26 4.46748e+06 0.120091 0.999405 5.5e+06 41.1163
27 4.44461e+06 0.123635 0.999164 5.5e+06 42.6276
28 4.42256e+06 0.126909 0.999057 5.5e+06 44.1493
29 4.39361e+06 0.131145 0.999034 5.5e+06 45.7063
30 4.3674e+06 0.134057 0.999371 5.5e+06 47.2189
31 4.3488e+06 0.137082 0.999172 5.5e+06 48.6628
32 4.33008e+06 0.140731 0.99913 5.5e+06 50.1201
33 4.30716e+06 0.143251 0.999354 5.5e+06 51.6049
34 4.28993e+06 0.146186 0.999238 5.5e+06 52.9874
35 4.26201e+06 0.149886 0.999231 5.5e+06 54.517
36 4.25282e+06 0.152082 0.999293 5.5e+06 55.8318
37 4.23008e+06 0.155676 0.999359 5.5e+06 57.2331
38 4.21074e+06 0.157981 0.999329 5.5e+06 58.656
39 4.19918e+06 0.161029 0.99921 5.5e+06 59.9961
40 4.18184e+06 0.163606 0.998982 5.5e+06 61.3188
41 4.16127e+06 0.16653 0.999084 5.5e+06 62.6605
42 4.14048e+06 0.169378 0.998503 5.5e+06 64.0834
43 4.12508e+06 0.17168 0.99926 5.5e+06 65.3868
44 4.10338e+06 0.174497 0.998936 5.5e+06 66.6706
45 4.08983e+06 0.177095 0.998891 5.5e+06 67.9363
46 4.07604e+06 0.180134 0.999109 5.5e+06 69.1894
47 4.05628e+06 0.182798 0.998953 5.5e+06 70.45
48 4.04363e+06 0.184868 0.998963 5.5e+06 71.6628
49 4.02887e+06 0.187084 0.998729 5.5e+06 72.8413
50 4.01159e+06 0.189614 0.998728 5.5e+06 74.044

2 5.3481e+06 0.00332662 1 1.1e+07 3.03185
3 5.38404e+06 0.00851202 0.99999 1.1e+07 4.49769
4 5.34574e+06 0.0146649 0.999966 1.1e+07 6.01238
5 5.29746e+06 0.0209171 0.999931 1.1e+07 7.54882
6 5.23385e+06 0.0274507 0.999992 1.1e+07 9.12273
7 5.16491e+06 0.0339909 0.999987 1.1e+07 10.73
8 5.11159e+06 0.0400875 0.999952 1.1e+07 12.3276
9 5.05855e+06 0.0458716 0.999839 1.1e+07 13.9428
10 5.00699e+06 0.0515773 0.999786 1.1e+07 15.5672
11 4.96337e+06 0.0567301 0.999776 1.1e+07 17.1812
12 4.9158e+06 0.0620807 0.999784 1.1e+07 18.8142
13 4.87794e+06 0.067108 0.999743 1.1e+07 20.429
14 4.83282e+06 0.0719227 0.999828 1.1e+07 22.0725
15 4.80273e+06 0.0760991 0.999466 1.1e+07 23.6644
16 4.75984e+06 0.0815229 0.999612 1.1e+07 25.3261
17 4.72994e+06 0.0852386 0.999561 1.1e+07 26.9113
18 4.68554e+06 0.0900907 0.999661 1.1e+07 28.5803
19 4.66236e+06 0.0944866 0.999414 1.1e+07 30.1483
20 4.63251e+06 0.0978457 0.999579 1.1e+07 31.7206
21 4.60372e+06 0.102258 0.999629 1.1e+07 33.3192
22 4.5743e+06 0.106077 0.999583 1.1e+07 34.901
23 4.53694e+06 0.110072 0.999395 1.1e+07 36.5459
24 4.52009e+06 0.113296 0.999306 1.1e+07 38.0541
25 4.49137e+06 0.117062 0.999554 1.1e+07 39.6056
26 4.4652e+06 0.121155 0.999519 1.1e+07 41.1733
27 4.4409e+06 0.124031 0.999405 1.1e+07 42.7176
28 4.41805e+06 0.127455 0.999528 1.1e+07 44.2079
29 4.39545e+06 0.131283 0.999213 1.1e+07 45.723
30 4.37647e+06 0.133492 0.999483 1.1e+07 47.1854
31 4.35052e+06 0.137505 0.999161 1.1e+07 48.7233
32 4.3267e+06 0.140172 0.99912 1.1e+07 50.1974
33 4.30615e+06 0.143179 0.999598 1.1e+07 51.6694
34 4.29339e+06 0.145799 0.999357 1.1e+07 53.0409
35 4.2689e+06 0.149499 0.999486 1.1e+07 54.5031
36 4.25197e+06 0.152684 0.999293 1.1e+07 55.8618
37 4.23393e+06 0.155019 0.999341 1.1e+07 57.2579
38 4.21738e+06 0.158348 0.998925 1.1e+07 58.6687
39 4.19599e+06 0.160983 0.999351 1.1e+07 60.0259
40 4.174e+06 0.163596 0.998726 1.1e+07 61.4486
41 4.15549e+06 0.166482 0.999106 1.1e+07 62.7603
42 4.14282e+06 0.169389 0.999296 1.1e+07 64.0816
43 4.12213e+06 0.172856 0.998788 1.1e+07 65.4895
44 4.10424e+06 0.174603 0.998596 1.1e+07 66.7228
45 4.09249e+06 0.176976 0.999131 1.1e+07 67.9357
46 4.07417e+06 0.179649 0.999228 1.1e+07 69.216
47 4.05998e+06 0.182103 0.998792 1.1e+07 70.5102
48 4.04235e+06 0.185455 0.99926 1.1e+07 71.766
49 4.03376e+06 0.187078 0.999042 1.1e+07 72.8452
50 4.01363e+06 0.189442 0.998748 1.1e+07 74.1841
