2 5.47199e+06 0.000171008 1 1.1e+07 12.2507
3 5.68547e+06 0.000292476 0.999999 1.1e+07 16.4904
4 5.7864e+06 0.000301301 0.999999 1.1e+07 19.5792
5 5.84948e+06 0.000486666 0.999999 1.1e+07 27.7892
6 5.91333e+06 0.000899498 0.999999 1.1e+07 23.7031
7 5.9329e+06 0.000627812 0.999999 1.1e+07 34.802
8 5.97219e+06 0.00182749 1 1.1e+07 30.5379
9 5.98263e+06 0.00111298 0.999999 1.1e+07 35.1486
10 5.9989e+06 0.00173589 0.999999 1.1e+07 37.9899
11 6.02123e+06 0.00265152 0.999997 1.1e+07 27.5181
12 6.02468e+06 0.00170833 0.999999 1.1e+07 54.5916
13 6.04945e+06 0.00323263 0.999999 1.1e+07 31.9088
14 6.0385e+06 0.00267766 0.999994 1.1e+07 54.9174
15 6.05797e+06 0.00395679 0.999988 1.1e+07 45.1646
16 6.05997e+06 0.00310465 0.999998 1.1e+07 61.8037
17 6.06836e+06 0.00359291 0.999999 1.1e+07 51.4502
18 6.05782e+06 0.00342506 0.999973 1.1e+07 62.751
19 6.06771e+06 0.0055132 0.999976 1.1e+07 53.4075
20 6.07052e+06 0.00216276 0.999994 1.1e+07 76.7016
21 6.07976e+06 0.00608399 0.999987 1.1e+07 54.9398
22 6.06973e+06 0.00454731 0.999982 1.1e+07 65.8773
23 6.07818e+06 0.00367709 0.999995 1.1e+07 77.6979
24 6.08369e+06 0.00482445 0.999974 1.1e+07 71.0079
25 6.08551e+06 0.00493516 0.999986 1.1e+07 68.9215
26 6.08996e+06 0.00398682 0.999995 1.1e+07 72.0197
27 6.08885e+06 0.00547935 0.999985 1.1e+07 73.0548
28 6.08586e+06 0.00507356 0.999973 1.1e+07 75.8176
29 6.08339e+06 0.00428223 0.999941 1.1e+07 75.0956
30 6.07578e+06 0.00516914 0.99997 1.1e+07 80.2419
31 6.08762e+06 0.0053468 0.999973 1.1e+07 85.883
32 6.09475e+06 0.00668885 0.999975 1.1e+07 76.326
33 6.08602e+06 0.00643669 0.999963 1.1e+07 83.3604
34 6.08973e+06 0.00512944 0.99999 1.1e+07 91.0759
35 6.09137e+06 0.00415201 0.999984 1.1e+07 89.6406
36 6.09171e+06 0.00648468 0.999968 1.1e+07 78.458
37 6.09062e+06 0.00528845 0.999965 1.1e+07 86.4454
38 6.09501e+06 0.0049792 0.999978 1.1e+07 96.5649
39 6.09299e+06 0.00604694 0.999965 1.1e+07 84.1757
40 6.09461e+06 0.00721176 0.999952 1.1e+07 81.9953
41 6.09087e+06 0.00687636 0.999961 1.1e+07 88.282
42 6.09681e+06 0.00681042 0.999975 1.1e+07 90.1707
43 6.09204e+06 0.00580213 0.999924 1.1e+07 88.7132
44 6.09192e+06 0.00601839 0.999963 1.1e+07 91.2281
45 6.09938e+06 0.00502432 0.999966 1.1e+07 86.8279
46 6.09188e+06 0.00528048 0.999969 1.1e+07 100.592
47 6.09772e+06 0.00593208 0.999955 1.1e+07 98.1473
48 6.09622e+06 0.00586813 0.999966 1.1e+07 94.1837
49 6.10073e+06 0.00578731 0.999978 1.1e+07 97.7171
50 6.10041e+06 0.00635643 0.999969 1.1e+07 94.0751
