2 4.95717e+06 0.000399565 0.999988 1.1e+07 52.4216
3 5.13966e+06 0.000607043 0.999971 1.1e+07 65.9305
4 5.23637e+06 0.000805801 0.999992 1.1e+07 79.7355
5 5.29814e+06 0.00101198 0.999989 1.1e+07 89.599
6 5.34308e+06 0.00122191 0.999958 1.1e+07 97.8453
7 5.36961e+06 0.00142868 0.999965 1.1e+07 106.115
8 5.39332e+06 0.00164162 0.999973 1.1e+07 111.683
9 5.40328e+06 0.00190635 0.999908 1.1e+07 113.371
10 5.42359e+06 0.00204498 0.999965 1.1e+07 118.601
11 5.43636e+06 0.00222361 0.999963 1.1e+07 122.631
12 5.44713e+06 0.00243374 0.999902 1.1e+07 126.266
13 5.45062e+06 0.00274455 0.999956 1.1e+07 120.479
14 5.46004e+06 0.00290604 0.999961 1.1e+07 123.706
15 5.46041e+06 0.00317557 0.999881 1.1e+07 120.565
16 5.46969e+06 0.00337054 0.999912 1.1e+07 120.351
17 5.47249e+06 0.00358224 0.999902 1.1e+07 119.419
18 5.48106e+06 0.00380345 0.999909 1.1e+07 114.157
19 5.48058e+06 0.00400444 0.999902 1.1e+07 111.726
20 5.48453e+06 0.00428452 0.999909 1.1e+07 109.444
21 5.4855e+06 0.00450006 0.999806 1.1e+07 106.443
22 5.49056e+06 0.00476466 0.999896 1.1e+07 104.715
23 5.49236e+06 0.00493709 0.99989 1.1e+07 103.404
24 5.49319e+06 0.00517686 0.999909 1.1e+07 100.661
25 5.49296e+06 0.00565249 0.999831 1.1e+07 98.6454
26 5.49787e+06 0.00564779 0.999811 1.1e+07 95.9478
27 5.49186e+06 0.00612188 0.999735 1.1e+07 94.4593
28 5.48893e+06 0.00617662 0.999857 1.1e+07 93.2685
29 5.49567e+06 0.00648621 0.999779 1.1e+07 90.3363
30 5.49937e+06 0.00662721 0.999748 1.1e+07 88.7418
31 5.49901e+06 0.0069858 0.999809 1.1e+07 87.6692
32 5.50575e+06 0.00696372 0.999866 1.1e+07 86.3053
33 5.49702e+06 0.00743891 0.999906 1.1e+07 83.3807
34 5.50053e+06 0.00773845 0.999774 1.1e+07 82.2442
35 5.5061e+06 0.00765209 0.999794 1.1e+07 81.5574
36 5.51187e+06 0.00789952 0.999731 1.1e+07 80.6282
37 5.50698e+06 0.00823606 0.999874 1.1e+07 79.1053
38 5.49796e+06 0.0086427 0.999754 1.1e+07 76.644
39 5.50159e+06 0.00921848 0.999748 1.1e+07 76.2347
40 5.50421e+06 0.00909405 0.999811 1.1e+07 74.4652
41 5.51177e+06 0.00940184 0.999771 1.1e+07 74.0728
42 5.51113e+06 0.00948265 0.999666 1.1e+07 73.1781
43 5.50482e+06 0.00999156 0.999838 1.1e+07 72.0678
44 5.50551e+06 0.0101972 0.99959 1.1e+07 70.7198
45 5.49999e+06 0.0103682 0.999766 1.1e+07 69.5738
46 5.50445e+06 0.010852 0.999686 1.1e+07 69.4906
47 5.50143e+06 0.0113976 0.999781 1.1e+07 68.7328
48 5.50096e+06 0.0113266 0.999648 1.1e+07 67.4365
49 5.51312e+06 0.0111219 0.99966 1.1e+07 66.0031
50 5.5061e+06 0.0118008 0.999655 1.1e+07 65.3067
