0 2 1000000.000000 1000 2 0.000000 0.000000
1 2 1000000.000000 1000 2 0.000000 0.000000
2 2 1000000.000000 1000 2 0.000000 0.000000
3 2 1000000.000000 1000 2 0.000000 0.000000
4 2 1000000.000000 1000 2 0.000000 0.000000
5 2 1000000.000000 1000 2 0.000000 0.000000
6 2 1000000.000000 1000 2 0.000000 0.000000
7 2 1000000.000000 1000 2 0.000000 0.000000
8 2 1000000.000000 1000 2 0.000000 0.000000
9 2 1000000.000000 1000 2 0.000000 0.000000
0 10 1000000.000000 1000 2 0.000000 0.000000
1 10 1000000.000000 1000 2 0.000000 0.000000
0 10 1000000.000000 1000 2 0.000000 0.000000
1 10 1000000.000000 1000 2 0.000000 0.000000
0 10 1000000.000000 1000 2 0.000000 0.000000
1 10 1000000.000000 1000 2 0.000000 0.000000
0 10 1000000.000000 1000 2 0.000000 0.000000
0 10 1000000.000000 1000 2 0.000000 0.000000
1 10 1000000.000000 1000 2 0.000000 0.000000
0 10 1000000.000000 1000 2 0.000000 0.000000
1 10 1000000.000000 1000 2 0.000000 0.000000
0 10 1000000.000000 1000 2 0.000000 0.000000
0 10 1000000.000000 1000 2 0.000000 0.000000
0 10 1000000.000000 1000 2 0.000000 0.000000
1 10 1000000.000000 1000 2 0.000000 0.000000
1 2 1000000.000000 1000 2 0.000000 0.000000
1 2 1000000.000000 1000 2 0.000000 0.000000
1 10 1000000.000000 1000 2 0.000000 0.000000
1 10 1000000.000000 1000 2 0.000000 0.000000
1 10 1000000.000000 1000 2 0.000000 0.000000
1 10 1000000.000000 1000 2 0.000000 0.000000
1 10 1000000.000000 1000 2 0.000000 0.000000
1 10 1000000.000000 1000 2 0.000000 0.000000
1 10 1000000.000000 1000 2 0.000000 0.000000
1 10 1000000.000000 1000 2 0.000000 0.000000
